 -1866
 -1215
  -345
   286
   253
  -179
  -878
 -1401
 -1140
  -620
  -306
   -51
   148
   108
    30
   148
    33
  -419
  -788
  -948
  -838
  -369
   546
  1551
  2352
  3144
  3424
  3238
  3086
  2423
  1413
   493
  -204
  -459
  -633
  -575
  -410
  -452
  -259
    30
   346
   936
  1518
  1921
  2160
  2260
  2222
  1687
   928
   257
  -485
 -1025
 -1198
 -1156
 -1098
  -994
  -838
  -656
  -421
   -77
   273
   509
   664
   654
   524
   344
   191
  -111
  -585
  -837
  -958
  -973
  -894
  -773
  -459
  -176
     5
   414
   972
  1290
  1147
   560
  -302
 -1268
 -2028
 -2307
 -2210
 -1950
 -1567
 -1151
  -850
  -721
  -693
  -741
  -722
  -531
  -231
    79
   293
   314
   164
   -98
  -483
  -830
 -1225
 -1671
 -1867
 -1866
 -1594
 -1172
  -854
  -501
  -317
  -183
    92
   206
    -4
  -555
 -1095
 -1503
 -1883
 -1864
 -1776
 -2042
 -1886
  -823
   973
  2851
  3794
  4227
  4323
  4569
  7261
  9959
  9041
  5817
  1513
 -2196
 -4842
 -7050
 -6840
 -5259
 -3867
 -1822
   656
  3377
  5033
  4498
  3103
  2322
  2716
  3495
  3909
  4114
  3413
  1567
  -558
 -1906
 -2370
 -3523
 -4954
 -4708
 -2948
  -900
   728
  1900
  2415
  1579
   444
   291
   493
   472
   -80
  -734
  -943
 -1047
 -1177
 -1508
 -2146
 -2847
 -3498
 -3313
 -1648
   325
  1447
  1755
  1766
  1534
   875
   381
   196
   110
   -89
  -580
  -950
 -1508
 -2653
 -3795
 -4510
 -4342
 -3131
 -1397
   657
  2105
  2605
  2659
  2153
  1407
   579
  -284
  -838
 -1072
 -1080
  -908
  -698
  -656
  -901
 -1083
  -866
  -282
   431
   971
  1157
   907
   365
  -316
  -871
 -1050
 -1093
 -1051
  -795
  -599
  -646
  -983
 -1428
 -1795
 -2043
 -1854
 -1801
 -2013
 -1924
 -1931
 -1189
   295
  1716
  3619
  4789
  5562
  7850
 10368
 10501
  7342
  2509
 -1765
 -5014
 -7270
 -7369
 -5285
 -2831
  -875
  1036
  3126
  4708
  4697
  3211
  2160
  2463
  3231
  3904
  4246
  4010
  2734
   435
 -1474
 -2259
 -2916
 -3886
 -4072
 -2724
  -670
   958
  1994
  2174
  1281
  -126
 -1102
 -1033
  -604
  -568
  -639
  -633
  -578
  -613
  -973
 -1590
 -2215
 -2570
 -2360
 -1098
   681
  1823
  2226
  2293
  2197
  1683
   565
  -657
 -1723
 -2846
 -3554
 -3518
 -3300
 -3254
 -3356
 -3405
 -3151
 -2355
 -1073
   171
  1073
  1634
  1805
  1618
  1165
   388
  -735
 -1718
 -2301
 -2489
 -2172
 -1667
 -1297
 -1018
  -671
  -213
   191
   502
   900
  1092
   969
   863
   459
  -241
  -967
 -1553
 -1554
 -1272
  -878
  -588
  -737
  -943
 -1473
 -2015
 -1958
 -1653
  -781
   702
  2699
  4873
  6282
  6562
  6655
  8560
 10180
  8197
  4011
  -552
 -4043
 -6402
 -8039
 -6669
 -3557
 -1357
   680
  2763
  4914
  6241
  5420
  4150
  3755
  3886
  4146
  4104
  3746
  2468
    45
 -2257
 -3457
 -3607
 -3645
 -3509
 -2341
  -719
   691
  1764
  2284
  1977
   720
  -413
  -417
   -74
  -320
 -1077
 -1961
 -2742
 -3190
 -3066
 -2651
 -2361
 -2108
 -1577
  -415
  1084
  2184
  2498
  1625
   241
  -673
 -1052
  -932
  -941
 -1442
 -2306
 -3368
 -4024
 -4138
 -4005
 -3837
 -3401
 -2315
  -827
   695
  1818
  2039
  1409
   514
  -191
  -417
  -506
  -821
 -1118
 -1643
 -2189
 -2254
 -2168
 -2075
 -1775
 -1251
  -288
   946
  1731
  1858
  1408
   481
  -406
  -603
  -533
  -674
  -745
 -1041
 -1167
 -1124
 -1446
 -1191
 -1278
 -1890
 -1521
  -575
  1213
  3284
  4517
  5401
  5525
  4868
  4335
  5222
  7718
  8494
  6250
  2713
  -692
 -2875
 -4767
 -5553
 -3976
 -2068
  -273
  1877
  4118
  6025
  6094
  4685
  3562
  3081
  3056
  3159
  2997
  2296
   817
  -950
 -2379
 -3085
 -3300
 -3758
 -3697
 -2543
  -975
   497
  1407
  1578
   880
  -378
  -996
  -977
 -1266
 -1738
 -2190
 -2627
 -2836
 -2751
 -2373
 -2177
 -2159
 -1570
  -501
   765
  1869
  2072
  1457
   229
  -964
 -1459
 -1479
 -1298
 -1522
 -2176
 -2867
 -3624
 -4003
 -3906
 -3760
 -3468
 -2626
 -1181
   434
  1623
  2024
  1672
   721
  -255
  -767
  -929
 -1114
 -1579
 -1900
 -2137
 -2322
 -1994
 -1431
  -784
  -114
   562
  1221
  1432
  1372
  1089
   536
   129
  -277
  -468
  -540
 -1090
 -1479
 -1761
 -2277
 -2221
 -1985
 -1546
  -291
  1257
  3206
  4770
  5081
  5174
  5108
  4552
  3886
  4150
  6468
  8158
  6910
  3945
   278
 -2559
 -4724
 -6216
 -4982
 -2385
    42
  2340
  4221
  5815
  6187
  4967
  3472
  2560
  2370
  2550
  2742
  2854
  2162
   462
 -1335
 -2707
 -3522
 -3946
 -3717
 -2462
  -902
   632
  1745
  2051
  1595
   390
  -734
 -1342
 -1797
 -2105
 -2444
 -2698
 -2611
 -2521
 -2430
 -2499
 -2662
 -2228
 -1437
  -391
   962
  1685
  1470
   657
  -479
 -1432
 -2031
 -2294
 -2315
 -2451
 -2557
 -2689
 -2987
 -3215
 -3385
 -3408
 -3081
 -2122
  -649
   518
  1070
  1182
   785
   235
  -213
  -624
  -940
 -1367
 -1603
 -1580
 -1561
 -1404
 -1215
  -932
  -748
  -485
   288
   975
  1521
  1973
  1659
   961
   340
  -147
  -116
  -390
  -946
  -755
  -811
 -1273
 -1412
 -1323
  -898
  -248
   772
  2138
  3503
  4245
  4262
  4030
  3692
  3537
  3388
  3731
  5742
  7948
  7820
  5540
  2405
  -586
 -3106
 -4764
 -4009
 -1702
   224
  1984
  3533
  4512
  4539
  3485
  2271
  1526
  1429
  2078
  2884
  3186
  2577
   979
  -943
 -2531
 -3375
 -3696
 -3551
 -2558
 -1201
  -102
   603
   905
   456
  -805
 -1841
 -2109
 -2127
 -2078
 -1887
 -1843
 -2130
 -2388
 -2393
 -2404
 -2378
 -1900
 -1152
  -378
   393
   837
   729
   151
  -676
 -1418
 -1742
 -1784
 -1898
 -2040
 -2254
 -2656
 -3058
 -3355
 -3383
 -3154
 -2828
 -1966
  -621
   393
   919
  1056
   734
   256
  -221
  -527
  -517
  -685
  -868
  -866
  -936
  -887
  -756
  -523
   -11
   416
   883
  1433
  1474
  1326
  1213
   563
  -170
  -194
  -133
  -390
  -866
 -1341
 -1342
 -1465
 -1770
 -1775
 -1526
  -680
   963
  2706
  3819
  4327
  4041
  3586
  3541
  3340
  3399
  3612
  4190
  5704
  6252
  5192
  3195
   464
 -2035
 -3841
 -4016
 -2149
    48
  1791
  3226
  4012
  4166
  3744
  2964
  2273
  1823
  1865
  2269
  2496
  2325
  1403
  -192
 -1789
 -2758
 -2992
 -2702
 -1838
  -851
   -98
   411
   573
   356
  -468
 -1635
 -2309
 -2560
 -2486
 -1972
 -1659
 -1707
 -2034
 -2418
 -2326
 -1896
 -1273
  -480
   194
   840
  1159
   886
   345
  -620
 -1832
 -2653
 -2839
 -2542
 -2489
 -2884
 -3351
 -3794
 -3971
 -3641
 -2933
 -2215
 -1676
 -1171
  -502
    15
   160
   127
  -181
  -715
 -1068
 -1030
  -857
  -656
  -461
  -566
  -791
  -912
  -871
  -544
  -135
   491
  1310
  1627
  1665
  1624
  1478
  1057
   177
   -55
  -223
  -960
 -1103
 -1071
 -1040
  -933
  -938
  -564
  -352
  -139
   723
  1965
  3260
  3955
  4012
  3997
  3685
  3283
  3183
  3127
  3913
  5400
  6306
  6237
  4554
  2152
    95
 -1750
 -2334
 -1441
   -17
  1356
  2431
  3291
  3740
  3653
  3033
  2062
  1450
  1471
  1807
  2127
  1951
  1123
  -197
 -1514
 -2245
 -2546
 -2479
 -2061
 -1511
  -955
  -586
  -393
  -438
 -1056
 -1979
 -2481
 -2470
 -2261
 -2147
 -2165
 -2143
 -2274
 -2344
 -2007
 -1566
 -1272
  -900
  -529
  -379
  -206
   -30
  -183
  -839
 -1703
 -2465
 -2920
 -2914
 -2566
 -2238
 -2403
 -2808
 -2884
 -2849
 -2706
 -2313
 -1933
 -1477
  -989
  -478
   -84
   -94
  -172
  -129
  -251
  -605
  -817
  -983
 -1144
 -1087
  -965
  -663
  -282
   109
   579
   833
   894
   978
  1157
  1091
   838
   823
   454
   183
   432
   414
   321
   217
  -207
  -568
  -628
  -745
  -394
   332
   929
  2063
  3200
  4189
  4845
  4566
  4195
  3766
  3386
  3391
  3871
  5265
  6737
  6994
  5646
  3145
   595
 -1278
 -2507
 -2550
 -1190
   513
  1947
  2888
  3462
  3565
  2774
  1771
  1184
  1099
  1247
  1452
  1571
  1028
   -99
 -1357
 -2360
 -2951
 -3046
 -2678
 -2111
 -1514
 -1027
  -784
  -949
 -1419
 -1972
 -2409
 -2546
 -2388
 -2222
 -2336
 -2530
 -2600
 -2594
 -2372
 -1980
 -1587
 -1139
  -752
  -358
     9
    58
    22
  -336
 -1192
 -2044
 -2637
 -2866
 -2902
 -2884
 -2864
 -2896
 -2847
 -2707
 -2564
 -2460
 -2312
 -1972
 -1433
  -729
     5
   410
   476
   384
   143
   131
   221
   217
   201
    58
    57
   118
   305
   563
   489
   535
   899
  1155
  1362
  1462
  1025
   526
   147
   -80
   113
   620
  1205
  1158
   847
    73
 -1090
 -1212
 -1075
  -903
  -228
   244
  1008
  2050
  2811
  3767
  4202
  3774
  3504
  3220
  3220
  4068
  5389
  6959
  7479
  5981
  3288
   276
 -2074
 -3394
 -3601
 -2318
  -396
  1405
  2834
  3455
  3414
  2829
  1911
  1280
  1134
  1459
  1958
  2088
  1608
   640
  -670
 -2017
 -2948
 -3393
 -3420
 -3007
 -2166
 -1338
  -773
  -723
 -1257
 -1887
 -2392
 -2509
 -2292
 -2111
 -2074
 -2179
 -2293
 -2246
 -2212
 -2110
 -1826
 -1466
  -994
  -609
  -245
   168
   186
  -139
  -473
 -1042
 -1814
 -2321
 -2571
 -2887
 -3108
 -2973
 -2705
 -2542
 -2572
 -2649
 -2592
 -2364
 -1754
  -816
   145
   766
   784
   422
     5
  -330
  -400
  -246
  -174
   -76
    97
   263
   474
   516
   454
   297
   215
   737
  1241
  1237
  1092
   679
   216
   167
   330
   303
   385
  1110
  1551
  1471
  1375
   624
  -383
 -1132
 -1824
 -1561
  -429
   949
  2755
  3998
  4305
  4386
  4146
  3417
  2759
  2804
  3942
  6369
  8491
  8437
  6098
  2317
 -1425
 -4015
 -5178
 -4340
 -1781
   661
  2568
  3990
  4560
  4185
  2794
  1469
   844
   905
  1717
  2529
  2691
  1807
   -10
 -1979
 -3552
 -4369
 -4482
 -4108
 -3203
 -1975
 -1009
  -506
  -440
  -991
 -1852
 -2465
 -2413
 -1931
 -1518
 -1231
 -1240
 -1552
 -2040
 -2355
 -2410
 -2498
 -2509
 -2255
 -1664
  -928
  -164
   409
   418
  -135
  -827
 -1507
 -2251
 -2774
 -3042
 -3229
 -3231
 -2964
 -2706
 -2667
 -2786
 -2678
 -2242
 -1598
  -495
   717
  1262
  1218
  1016
   739
   372
    83
   127
   129
   -39
   -42
    23
   121
   321
   473
   651
   895
  1063
  1221
  1312
  1296
  1262
  1120
   959
   785
   676
   800
  1046
  1752
  2269
  2094
  1694
   590
  -556
  -951
 -1219
 -1348
 -1140
  -553
   572
  1918
  3112
  4197
  4564
  3871
  3365
  3623
  4497
  6289
  8392
  8848
  6786
  3330
  -231
 -2857
 -4276
 -4249
 -2632
  -570
  1301
  2882
  3637
  3313
  2222
   933
   210
   554
  1680
  2565
  2566
  1822
   316
 -1684
 -3394
 -4313
 -4534
 -4398
 -3759
 -2605
 -1606
 -1142
 -1218
 -1738
 -2492
 -3007
 -2795
 -2094
 -1558
 -1456
 -1691
 -2146
 -2629
 -2917
 -3028
 -3161
 -3073
 -2634
 -1922
 -1030
  -211
   512
   823
   596
   108
  -590
 -1496
 -2360
 -3000
 -3415
 -3466
 -3096
 -2769
 -2792
 -2838
 -2603
 -1872
  -822
   317
  1330
  1766
  1912
  2020
  1892
  1533
  1069
   585
   290
   254
   328
   491
   528
   475
   681
   952
  1309
  1840
  2084
  1993
  1846
  1631
  1145
   586
   365
   666
  1023
  1318
  2135
  2781
  2361
  1236
   191
  -826
 -1751
 -1803
 -1435
  -953
  -312
   290
  1685
  3068
  3563
  3802
  3212
  2383
  2382
  2810
  4378
  6718
  7637
  6307
  3061
  -487
 -2887
 -4510
 -4911
 -3614
 -1598
   171
  1411
  2345
  2446
  1483
   372
  -268
   -22
  1032
  1952
  2295
  1883
   593
 -1033
 -2549
 -3607
 -4024
 -4042
 -3586
 -2623
 -1624
 -1087
 -1168
 -1555
 -2069
 -2428
 -2075
 -1238
  -658
  -662
 -1058
 -1561
 -2003
 -2246
 -2194
 -1945
 -1701
 -1394
  -747
    16
   494
   662
   545
   230
  -161
  -539
 -1025
 -1561
 -2040
 -2573
 -2844
 -2668
 -2438
 -2265
 -2101
 -1895
 -1516
 -1064
  -498
    91
   550
   986
  1417
  1717
  1578
  1134
   518
  -132
  -397
  -430
  -300
  -122
   109
   475
   645
   890
  1291
  1272
  1059
  1017
   984
  1022
  1094
  1144
  1247
  1290
  1399
  1579
  1403
   942
   137
 -1000
 -1651
 -1781
 -1846
 -1888
 -1520
  -623
   381
  1809
  3295
  4020
  4028
  3271
  2851
  3167
  4245
  6934
  8512
  6784
  3382
  -344
 -3099
 -4654
 -5129
 -3531
 -1270
   389
  1936
  3058
  3459
  2822
  1318
   252
   254
  1160
  2309
  2636
  2250
  1015
  -991
 -2561
 -3368
 -3586
 -3646
 -3437
 -2409
 -1232
  -653
  -549
  -774
 -1476
 -2358
 -2451
 -1712
 -1134
 -1013
 -1231
 -1567
 -1834
 -2069
 -2064
 -1885
 -1767
 -1564
  -986
    77
  1054
  1330
   747
  -277
 -1175
 -1960
 -2282
 -2028
 -1707
 -1463
 -1332
 -1464
 -1779
 -2196
 -2529
 -2450
 -2120
 -1424
  -217
   890
  1521
  1575
  1265
   864
   342
  -120
  -418
  -485
  -320
  -185
  -105
    30
    89
   160
   316
   623
  1157
  1530
  1486
  1189
  1060
  1211
  1130
   983
  1279
  1458
  1295
  1345
  1390
  1090
   249
  -801
 -1236
 -1797
 -2186
 -1603
 -1102
  -449
   548
  1878
  3457
  4420
  4748
  4333
  3645
  3865
  5926
  7965
  7173
  4287
   794
 -2214
 -4147
 -4889
 -3963
 -2200
  -787
   413
  1782
  2902
  3263
  2612
  1453
  1090
  1650
  2300
  2482
  2083
  1022
  -908
 -2669
 -3385
 -3610
 -3727
 -3644
 -2857
 -1682
  -910
  -464
  -496
 -1122
 -1830
 -1978
 -1465
  -929
  -795
 -1083
 -1740
 -2423
 -2781
 -2645
 -2193
 -1729
 -1109
  -337
   221
   474
   432
     1
  -589
 -1031
 -1103
  -872
  -618
  -595
 -1132
 -1945
 -2552
 -2846
 -2889
 -2720
 -2228
 -1493
  -685
   265
  1091
  1243
   870
   398
   227
   444
   684
   682
   260
  -338
  -695
  -833
  -562
   -79
    10
   246
   771
  1207
  1631
  1661
  1504
  1295
   913
  1075
  1503
  1736
  1661
  1237
   915
   100
  -886
  -735
  -714
 -1191
 -1067
 -1379
 -1252
  -294
   411
  2075
  3623
  4187
  4732
  4544
  4544
  6453
  8221
  7285
  4254
   380
 -2677
 -4404
 -5444
 -4714
 -2866
 -1424
   -97
  1295
  2330
  2630
  2136
  1483
  1606
  2351
  3071
  3115
  2360
   941
 -1239
 -3102
 -3804
 -3759
 -3555
 -3325
 -2463
 -1250
  -652
  -384
  -290
  -816
 -1601
 -1811
 -1263
  -769
  -871
 -1339
 -1600
 -1645
 -1909
 -1852
 -1448
 -1226
 -1039
  -777
  -116
   569
   892
  1006
   785
   398
   -15
  -288
  -462
  -956
 -1797
 -2704
 -3387
 -3534
 -3321
 -2891
 -2302
 -1811
 -1197
  -297
   679
  1385
  1470
  1255
  1060
   740
   386
   -74
  -527
  -870
 -1277
 -1375
 -1145
  -851
  -446
   -23
   465
   938
  1030
   898
   667
   383
   358
   576
  1075
  1376
  1025
   696
   284
  -299
  -308
  -414
  -843
  -968
 -1247
 -1129
  -487
   144
  1504
  3084
  4070
  4768
  5014
  5171
  6305
  7600
  7228
  4853
  1379
 -1707
 -3654
 -4700
 -4384
 -2830
 -1352
  -164
  1170
  2382
  2978
  2907
  2622
  2660
  3034
  3390
  3415
  2747
  1358
  -466
 -2130
 -3013
 -3087
 -2840
 -2641
 -2164
 -1291
  -496
   -53
    92
  -114
  -666
 -1138
 -1154
  -942
 -1029
 -1279
 -1460
 -1869
 -2390
 -2475
 -2245
 -2013
 -1668
 -1215
  -630
    71
   627
   875
   666
   176
  -227
  -585
  -896
 -1284
 -1978
 -2945
 -3874
 -4279
 -4212
 -3850
 -3156
 -2363
 -1550
  -635
   285
  1054
  1372
  1131
   749
   546
   422
   454
   403
  -249
 -1158
 -1793
 -2018
 -1713
  -911
    39
   830
  1309
  1497
  1499
  1310
   984
   580
   299
   382
   703
  1050
  1298
   881
   186
  -230
  -801
  -862
  -753
  -767
  -134
   370
  1199
  2923
  4534
  5774
  6214
  6282
  7517
  8478
  7189
  4256
   664
 -2148
 -4118
 -5322
 -4394
 -2533
 -1154
  -115
   841
  2070
  2854
  2846
  2914
  3311
  3894
  4346
  4277
  3609
  2017
  -299
 -2373
 -3570
 -3758
 -3603
 -3299
 -2359
 -1341
  -633
  -122
   131
    19
  -459
  -680
  -446
  -420
  -808
 -1221
 -1443
 -1908
 -2733
 -3126
 -3146
 -3126
 -2826
 -2185
 -1145
  -170
   503
  1037
   961
   395
   -65
  -372
  -504
  -739
 -1333
 -2082
 -2918
 -3699
 -4288
 -4569
 -4281
 -3588
 -2479
 -1004
   487
  1672
  1934
  1624
  1153
   505
   143
  -118
  -308
  -427
  -788
  -989
 -1029
 -1127
 -1127
 -1005
  -543
   224
   982
  1526
  1579
  1191
   801
   359
   -41
   -21
  -103
  -256
  -415
  -628
  -663
  -994
 -1229
 -1364
 -1277
  -602
   371
  2731
  5603
  7553
  8468
  8580
  9433
  9296
  6470
  2655
  -834
 -2908
 -3936
 -4333
 -3055
 -1230
  -489
    10
   882
  2079
  3096
  3329
  3822
  4610
  5054
  5035
  4059
  2661
   750
 -1576
 -3002
 -3378
 -3136
 -2974
 -2966
 -2415
 -1756
 -1267
  -645
  -141
    15
  -178
  -142
   223
   197
  -315
 -1147
 -2001
 -2673
 -3049
 -2895
 -2584
 -2364
 -2156
 -2042
 -1683
  -969
  -263
   301
   492
   508
   517
   189
  -321
 -1085
 -2150
 -3137
 -3951
 -4250
 -4213
 -4156
 -3716
 -3067
 -2272
 -1278
  -316
   458
   851
   914
   599
   -29
  -514
 -1012
 -1591
 -1920
 -2034
 -1731
 -1218
  -644
  -124
   -81
    37
   587
  1140
  1448
  1820
  2394
  2397
  1820
  1399
   881
    44
  -506
  -472
  -119
    39
  -413
  -959
 -1315
 -1682
 -1469
  -413
  1667
  4812
  7513
  8811
  9914
 11232
 10422
  6574
  1779
 -1723
 -3466
 -4586
 -4269
 -2019
  -200
   210
   246
   780
  1553
  2076
  2653
  3829
  5326
  6114
  5697
  4274
  2337
  -129
 -2586
 -3810
 -3707
 -3121
 -2892
 -2568
 -1774
 -1407
 -1422
 -1080
  -567
  -337
  -296
    51
   499
   324
  -297
  -948
 -1673
 -2455
 -3050
 -3286
 -3232
 -2960
 -2500
 -1955
 -1451
  -943
  -569
  -376
     2
   405
   619
   670
   377
  -271
 -1285
 -2434
 -3415
 -4144
 -4434
 -4262
 -3648
 -2779
 -1925
  -889
    51
   508
   645
   610
   501
   269
   -78
  -291
  -516
 -1047
 -1592
 -1745
 -1512
 -1342
 -1093
  -430
   205
   740
  1183
  1325
  1341
  1112
   905
   981
   905
   872
   771
   432
   183
  -162
  -435
  -753
 -1147
 -1460
 -1814
 -1523
  -263
  2284
  5463
  7496
  8900
 10716
 11217
  8843
  4586
   361
 -2013
 -3129
 -3609
 -2175
  -159
   759
   775
   740
  1331
  1897
  2224
  2989
  4382
  5731
  6169
  5515
  4032
  1775
  -876
 -3018
 -3934
 -3649
 -3156
 -2862
 -2337
 -1810
 -1685
 -1693
 -1453
 -1133
 -1041
  -776
  -221
    76
  -159
  -869
 -1585
 -2114
 -2410
 -2079
 -1457
 -1348
 -1866
 -2502
 -2770
 -2674
 -2194
 -1280
  -261
   408
   789
  1032
   862
   298
  -648
 -1772
 -2679
 -3248
 -3450
 -3210
 -2713
 -2359
 -2096
 -1737
 -1204
  -574
   -80
   308
   607
   570
   360
    85
  -436
 -1095
 -1832
 -2146
 -1908
 -1448
  -872
  -644
  -568
  -229
   154
   576
   917
   921
   817
   636
   536
   887
  1133
  1011
   953
   636
    30
  -186
  -229
  -498
 -1161
 -2017
 -2149
 -1818
  -387
  3210
  6823
  9662
 12143
 12279
  9469
  4617
  -502
 -3212
 -4252
 -4307
 -2325
   -77
  1145
  1385
  1006
   906
   901
  1367
  2729
  4566
  6546
  7446
  6548
  4577
  1941
  -862
 -3073
 -4044
 -3550
 -2782
 -2244
 -1469
  -927
 -1082
 -1643
 -1896
 -1681
 -1246
  -367
   657
  1175
   894
   -66
 -1090
 -2032
 -2774
 -2894
 -2593
 -1974
 -1113
  -560
  -589
 -1119
 -1738
 -2144
 -2124
 -1393
  -169
   923
  1317
  1123
   477
  -864
 -2445
 -3733
 -4660
 -4904
 -4342
 -3168
 -1889
 -1074
  -590
  -307
  -436
  -621
  -526
  -388
  -223
  -241
  -537
 -1013
 -1739
 -2358
 -2573
 -2364
 -1780
  -977
  -172
   442
   656
   415
    82
  -135
  -295
  -273
   106
   740
   861
   491
   485
   496
   197
   -51
  -186
  -115
  -298
  -782
 -1036
 -1148
 -1169
  -695
  1443
  5176
  9750
 14019
 14275
 10354
  4922
  -650
 -3942
 -5104
 -4505
 -1898
   164
  1209
  2126
  2442
  2070
  1341
  1071
  2414
  4864
  7254
  8423
  7569
  5488
  2427
  -608
 -2377
 -3154
 -3099
 -2985
 -2737
 -1708
  -892
  -603
  -613
 -1042
 -1416
 -1302
  -545
   309
   430
   -41
  -730
 -1373
 -1745
 -1965
 -2144
 -2566
 -3075
 -3059
 -2544
 -1705
  -858
  -675
 -1139
 -1575
 -1480
  -834
  -103
   355
   209
  -539
 -1400
 -2243
 -3182
 -4255
 -5204
 -5378
 -4574
 -3227
 -1661
  -486
   133
   469
   491
   335
    92
  -270
  -739
 -1181
 -1443
 -1514
 -1577
 -1593
 -1513
 -1418
 -1047
  -310
   396
   577
   166
   -58
  -125
  -380
   -96
   212
   228
   312
   343
   710
   754
   292
    40
   -97
     7
   242
   555
   648
   189
  -560
 -1196
 -1446
   116
  3785
  8656
 13650
 15199
 12949
  8039
  1881
 -2398
 -4611
 -5276
 -3235
   -92
  1780
  2675
  2870
  2452
  1365
   477
  1292
  3562
  6264
  8286
  8357
  6730
  3891
   345
 -2381
 -3862
 -4178
 -3736
 -3057
 -1861
  -836
  -831
 -1476
 -2152
 -2473
 -2434
 -1773
  -439
   397
   257
  -530
 -1474
 -2217
 -2817
 -3012
 -3017
 -3148
 -3093
 -2612
 -1735
  -849
  -431
  -457
  -852
 -1219
  -808
  -120
   322
   489
  -129
 -1279
 -2597
 -3851
 -4839
 -5663
 -5758
 -4964
 -3590
 -1784
   -79
   896
   852
   214
   -97
  -190
  -326
  -306
  -345
  -602
  -978
 -1139
 -1158
 -1340
 -1404
 -1087
  -285
   731
  1551
  1975
  1769
  1118
   418
   -33
  -155
    55
   451
   608
   681
   823
   722
   328
    62
    60
   154
   364
   687
   762
   330
  -668
 -1551
 -1966
  -653
  2883
  8579
 14389
 15577
 12912
  7251
   426
 -3879
 -5808
 -5677
 -2882
   274
  1762
  2377
  2309
  1533
    29
 -1247
  -151
  3153
  6686
  8937
  8903
  6890
  3370
  -643
 -3266
 -4133
 -3930
 -3396
 -2652
 -1338
  -393
  -626
 -1465
 -2397
 -2993
 -2740
 -1474
    92
   857
   518
  -574
 -1743
 -2652
 -3124
 -3103
 -2967
 -2931
 -2863
 -2569
 -2137
 -1713
 -1300
  -992
  -636
    33
   685
   993
   965
   268
  -981
 -2179
 -3199
 -3926
 -4418
 -4767
 -4585
 -3985
 -3111
 -1907
  -790
   -75
   367
   830
  1227
  1288
  1036
   484
  -275
 -1006
 -1470
 -1478
 -1338
 -1248
  -877
  -260
   432
  1108
  1590
  1755
  1413
   849
   357
    30
  -245
  -400
  -292
  -231
   -95
   173
   393
   230
    34
   108
   111
   182
    64
   173
   130
  -622
 -1330
 -1851
 -2499
 -2120
   225
  6945
 14653
 16061
 13639
  7907
  1250
 -2652
 -5353
 -5172
 -1710
  1280
  1947
  1882
  2148
  1856
  -149
 -2002
  -858
  2980
  7062
  9342
  9447
  7502
  3437
 -1016
 -3492
 -3717
 -3295
 -3338
 -2861
 -1448
  -466
  -740
 -1601
 -2373
 -3149
 -3356
 -2036
   135
  1316
   886
  -546
 -2031
 -2933
 -3042
 -2479
 -1938
 -1850
 -2040
 -2089
 -1512
  -736
  -711
 -1383
 -1906
 -1560
  -256
  1124
  1765
  1331
  -154
 -1721
 -2757
 -3476
 -3954
 -4313
 -4499
 -4254
 -3337
 -1915
  -822
  -463
  -435
  -234
   311
   826
  1015
   807
   120
  -741
 -1406
 -1734
 -1812
 -1871
 -1713
 -1075
    52
  1197
  1650
  1476
  1135
   694
   248
    57
   214
   332
   328
   506
   859
  1145
   940
   538
    71
  -627
  -865
  -529
  -158
   -21
  -144
  -278
  -352
  -270
  -316
  -497
  -602
  1845
  9567
 14829
 14182
 10361
  4020
  -282
 -3380
 -5501
 -3631
  -343
   951
   989
  1356
  2234
  1948
    70
  -564
  1474
  4939
  7448
  7888
  7058
  4550
   449
 -2727
 -3484
 -2619
 -2198
 -2323
 -1280
    25
    53
  -601
 -1253
 -2011
 -2802
 -2353
  -438
  1052
   940
  -477
 -2137
 -3215
 -3441
 -2795
 -1912
 -1465
 -1521
 -1816
 -1808
 -1110
  -450
  -674
 -1297
 -1325
  -481
   583
  1170
   921
  -373
 -2132
 -3333
 -3738
 -3888
 -4059
 -4196
 -4185
 -3632
 -2479
 -1254
  -489
  -253
   -32
   479
   997
  1352
  1262
   374
 -1001
 -2141
 -2452
 -2076
 -1602
 -1249
  -832
  -153
   626
  1240
  1460
  1290
   896
   359
    49
    14
   311
   702
   610
   543
   536
   143
  -338
  -717
  -924
  -818
  -702
  -497
    19
   187
   -93
  -386
  -704
  -632
  -373
   174
  4333
 11119
 14662
 13349
  8451
  3343
  -250
 -3879
 -5215
 -3042
  -615
   451
   801
  1574
  2179
  1137
  -392
  -211
  2107
  5062
  6568
  6667
  5677
  2887
  -540
 -2747
 -2853
 -2058
 -1965
 -1562
  -335
   422
   222
  -405
 -1083
 -1906
 -2313
 -1494
   -11
   894
   551
  -699
 -2003
 -2890
 -2707
 -1623
  -772
  -459
  -372
   -21
   312
    32
  -659
 -1565
 -2072
 -1546
  -411
   709
  1049
   261
 -1178
 -2766
 -3855
 -4302
 -4468
 -4341
 -4074
 -3632
 -2895
 -2084
 -1371
 -1146
 -1109
  -670
   -44
   369
   404
    65
  -629
 -1598
 -2310
 -2284
 -1907
 -1548
 -1200
  -794
   -36
   656
   808
   703
   327
    24
   -62
   -40
   464
   698
   151
  -350
  -274
    93
   130
   -46
    11
   198
   258
   407
   702
   661
   170
  -471
  -817
  -538
   -86
   239
   390
   799
  4782
 10826
 12910
 10876
  6751
  3054
   501
 -2336
 -2973
  -823
   746
   830
   818
  1628
  2270
  1200
  -289
    -5
  2067
  4331
  5318
  5578
  5095
  2767
  -148
 -1731
 -1645
 -1411
 -1968
 -1809
  -672
  -124
  -441
  -891
 -1316
 -2123
 -2714
 -2057
  -828
  -209
  -691
 -1832
 -2724
 -2952
 -2393
 -1424
  -716
  -440
  -505
  -614
  -440
  -227
  -360
  -995
 -1483
 -1019
  -291
   148
    70
  -834
 -1828
 -2565
 -2997
 -3091
 -3289
 -3542
 -3754
 -3641
 -2877
 -1831
 -1029
  -739
  -591
   -82
   373
   342
   156
  -182
  -730
 -1253
 -1366
  -813
  -385
  -383
  -309
    -9
   521
   906
  1027
  1038
   728
   184
  -233
  -144
   159
   -43
  -336
  -200
   192
   610
   637
   283
   -66
  -418
  -615
  -339
   213
   546
   363
   -24
  -428
  -530
  -401
  -274
  -302
   436
  5088
 10864
 12397
  9886
  5533
  2126
  -636
 -3528
 -3491
  -931
   653
   757
   935
  1967
  2366
   992
  -318
   117
  2072
  4051
  5008
  5441
  4731
  2261
  -546
 -1943
 -1804
 -1840
 -2298
 -1720
  -575
  -270
  -730
 -1256
 -1862
 -2954
 -3346
 -2220
  -881
  -264
  -520
  -966
 -1242
 -1435
  -932
  -180
    -6
  -408
  -906
  -884
  -425
    68
   361
   332
    45
  -135
   139
   598
   585
  -162
  -991
 -1194
  -990
 -1240
 -2004
 -2743
 -3614
 -4171
 -3611
 -2315
 -1297
  -875
  -564
  -225
  -215
  -508
  -790
 -1165
 -1585
 -1660
 -1278
  -666
  -367
  -457
  -642
  -741
  -467
   -78
    26
  -213
  -648
  -922
  -970
  -723
  -424
  -489
  -822
  -829
  -300
    35
   171
   159
   -50
  -207
  -340
    72
   562
   556
   435
   212
    51
   -89
   -55
   373
   639
   594
   229
  1531
  6806
 12305
 13799
 11077
  6387
  2815
  -258
 -2694
 -2192
     3
  1453
  1772
  2028
  2616
  2073
   -42
 -1718
 -1244
  1326
  4076
  5672
  6253
  5090
  2239
  -833
 -2405
 -2526
 -2878
 -3096
 -2268
 -1219
  -978
 -1544
 -2213
 -2972
 -3850
 -3800
 -2598
 -1180
  -421
  -574
 -1026
 -1592
 -2049
 -2078
 -2102
 -2250
 -2439
 -2492
 -1997
 -1293
 -1022
 -1353
 -2033
 -2369
 -2113
 -1490
  -748
  -413
  -814
 -1519
 -2076
 -2557
 -3318
 -4123
 -4451
 -4303
 -3586
 -2359
  -821
   568
  1386
  1615
  1615
  1709
  1518
  1145
  1115
  1493
  1714
  1345
  1019
  1045
   989
   773
   921
  1581
  2186
  2412
  2462
  2395
  2000
  1361
   881
   721
   425
    30
   120
   419
   644
   648
   384
    15
  -331
  -481
  -575
  -451
  -135
   144
    50
  -415
  -676
  -825
  -758
  -608
  -569
  -467
  -612
 -1232
  -203
  4762
 10113
 11525
  8623
  4060
   860
 -1787
 -3915
 -3494
 -1219
   214
   107
    75
   578
   271
 -1334
 -2458
 -1460
  1246
  3705
  4928
  5267
  4202
  1631
 -1052
 -2111
 -1789
 -1944
 -2517
 -2219
 -1373
 -1265
 -2011
 -2761
 -3341
 -3894
 -3430
 -1656
   115
   793
   229
  -778
 -1576
 -1798
 -1382
  -915
  -625
  -483
  -448
  -529
  -689
  -634
  -696
 -1048
 -1358
 -1457
 -1227
  -929
 -1012
 -1514
 -2026
 -2236
 -2182
 -2225
 -2353
 -2402
 -2705
 -2929
 -2513
 -1482
  -468
   142
   727
  1318
  1504
  1263
   514
  -635
 -1419
 -1975
 -2157
 -1467
  -521
   261
   995
  1934
  3348
  4500
  4602
  4278
  4245
  4238
  3889
  3491
  3383
  3036
  1868
   797
   575
   488
     0
  -361
  -111
   311
   258
  -113
    73
   368
   306
   134
  -203
  -356
  -673
 -1066
  -921
  -747
  -500
  -453
  -606
  -449
  -179
  1375
  7361
 12151
 11801
  9811
  4939
   785
 -2029
 -4671
 -4624
 -2926
 -1884
 -2597
 -3518
 -3466
 -3826
 -5350
 -6157
 -4334
  -433
  2950
  4643
  5184
  4175
  1466
 -1389
 -2296
 -1517
 -1310
 -1651
 -1298
  -560
  -620
 -1354
 -1741
 -2033
 -2489
 -2050
  -441
  1289
  1919
  1159
   -31
 -1182
 -1947
 -2220
 -2436
 -2595
 -2758
 -3026
 -2886
 -2201
 -1684
 -1762
 -1879
 -1230
   130
  1743
  3122
  3662
  3078
  1902
   684
  -490
 -1640
 -2358
 -2535
 -2483
 -1948
 -1053
  -449
  -601
 -1240
 -1581
 -1505
  -995
  -260
   359
   677
   539
   181
  -209
  -343
  -300
  -401
  -229
   589
  1564
  2144
  2218
  1896
  1407
   970
   922
  1126
  1277
  1307
  1094
   832
   521
   263
    24
  -343
  -125
   670
  1476
  2264
  2891
  3341
  3769
  3920
  3772
  3551
  3306
  2906
  1883
   436
  -602
 -1178
 -2048
 -3145
 -3656
 -3745
 -3867
 -4015
 -2228
  3786
 10276
 12203
  9432
  4820
  1475
 -1152
 -3509
 -3354
  -967
   752
   450
  -319
  -190
  -374
 -2006
 -3408
 -2352
   738
  3300
  4127
  4053
  2791
  -451
 -4301
 -6241
 -5990
 -5692
 -5897
 -5162
 -3655
 -3006
 -3427
 -3749
 -3652
 -3463
 -2502
  -515
  1426
  2392
  2100
   911
  -596
 -1766
 -2103
 -1855
 -1474
 -1205
 -1147
 -1106
 -1000
  -980
  -998
 -1017
  -645
   385
  1514
  2192
  2221
  1496
   477
  -360
  -839
  -993
 -1128
 -1214
 -1221
  -900
  -277
   332
   887
  1426
  2074
  2742
  3001
  2803
  2490
  2041
  1278
   459
   116
    97
   -14
  -161
    26
   674
  1329
  1635
  1716
  1690
  1542
  1305
  1115
  1090
  1138
   864
   325
   -27
  -165
  -381
  -675
  -856
  -936
  -904
  -688
  -543
  -773
 -1108
 -1606
 -2066
 -2183
 -2139
 -2006
 -2339
 -2814
 -2947
 -3223
 -3327
 -3011
 -2561
 -2060
 -1364
  -308
   598
  1156
  1673
  4001
  8736
 12310
 12853
 11078
  8604
  6509
  3745
  1112
   -55
  -694
 -1934
 -3473
 -3999
 -3711
 -4031
 -4781
 -4466
 -2420
   350
  2419
  3702
  4366
  3846
  2388
  1128
   698
   316
  -629
 -1047
  -464
   -42
  -567
 -1331
 -1487
 -1510
 -1791
 -1725
 -1145
  -581
  -701
 -1602
 -2522
 -3038
 -3248
 -3284
 -3161
 -2941
 -2899
 -3004
 -2882
 -2446
 -2059
 -1832
 -1421
  -606
   511
  1566
  2134
  2018
  1373
   545
  -397
 -1383
 -2135
 -2588
 -2942
 -3102
 -2855
 -2455
 -2092
 -1833
 -1452
  -755
   -90
   598
  1454
  2331
  3003
  3190
  3136
  3096
  2927
  2538
  2078
  1931
  1890
  1669
  1605
  1619
  1383
   963
   717
   764
   775
   598
   426
   406
   435
   542
   510
   276
   300
   337
    66
  -367
  -673
  -685
  -669
  -787
  -868
  -881
  -944
  -788
  -620
  -628
  -624
  -693
  -709
  -621
  -258
   276
   608
   576
   225
  -338
  -932
 -1254
 -1160
   833
  4373
  6395
  5816
  3397
  1027
  -766
 -2508
 -2962
 -1783
  -365
   146
    11
     6
  -166
 -1071
 -2222
 -2282
  -698
  1517
  3463
  5083
  5949
  5473
  4300
  3683
  3619
  3029
  1990
  1488
  1369
   638
  -944
 -2462
 -3654
 -5088
 -6147
 -6016
 -5039
 -3802
 -2831
 -2089
 -1355
  -705
    52
   931
  1842
  2413
  2342
  2002
  1745
  1452
   923
   295
  -267
  -692
  -974
 -1102
 -1274
 -1694
 -2190
 -2775
 -3452
 -4029
 -4405
 -4518
 -4578
 -4500
 -4036
 -3302
 -2489
 -1648
  -756
    79
   826
  1499
  2108
  2680
  2990
  2808
  2300
  1825
  1446
  1068
   598
    55
  -322
  -545
  -624
  -603
  -685
  -901
 -1015
  -789
  -192
   640
  1280
  1698
  2010
  2184
  2392
  2629
  2844
  2916
  2962
  3059
  2999
  2602
  1767
   672
  -533
 -1433
 -1854
 -1856
 -1507
 -1183
 -1148
 -1321
 -1357
 -1184
  -890
  -485
  -107
   240
   520
   602
   568
   171
  -266
  -597
  -443
  1752
  4497
  5324
  4110
  1987
   500
  -789
 -1968
 -1801
  -590
   321
    78
  -522
  -513
  -580
 -1364
 -1980
 -1449
   -98
   997
  1598
  2070
  1758
   230
 -1338
 -1651
  -946
  -547
  -542
  -118
   237
  -267
 -1268
 -2039
 -2602
 -3140
 -3123
 -2164
  -621
   958
  2030
  2589
  3018
  3695
  4614
  5188
  5191
  4740
  3832
  2406
   488
 -1612
 -3384
 -4641
 -5504
 -5851
 -5495
 -4837
 -4246
 -3578
 -2713
 -1865
 -1212
  -447
   617
  1456
  1741
  1823
  1804
  1686
  1452
  1153
   869
   519
   167
    22
   -70
  -535
 -1334
 -1972
 -2258
 -2469
 -2607
 -2699
 -2666
 -2411
 -2148
 -1869
 -1511
  -981
  -348
   313
   961
  1365
  1588
  1849
  2148
  2431
  2721
  2853
  2716
  2367
  1975
  1510
   688
  -214
  -872
 -1403
 -1811
 -1947
 -1840
 -1586
 -1453
 -1526
 -1505
 -1210
  -645
    -3
   819
  1761
  2216
  2197
  2196
  2411
  2539
  2450
  2411
  2338
  2236
  2046
  1757
  1376
  1423
  2862
  4765
  5265
  3446
   428
 -2051
 -3664
 -4311
 -3695
 -2015
  -265
   579
   738
   811
   639
   100
  -294
   225
  1554
  2714
  3193
  3031
  2105
   356
 -1514
 -2618
 -2857
 -2684
 -2464
 -2239
 -2069
 -2108
 -2407
 -2831
 -3011
 -2764
 -2159
 -1368
  -632
  -292
  -625
 -1324
 -1810
 -1857
 -1609
 -1278
 -1002
 -1013
 -1429
 -2056
 -2457
 -2345
 -1852
 -1264
  -827
  -484
  -237
   -52
   116
   111
   278
   703
  1224
  1960
  3087
  4381
  5256
  5542
  5457
  5003
  4070
  2679
   865
  -863
 -2104
 -3054
 -3977
 -4564
 -4606
 -4368
 -3711
 -2481
  -838
   795
  2269
  3651
  4630
  5257
  5572
  5419
  4902
  4160
  3230
  2166
  1188
   457
   -20
  -565
 -1331
 -2131
 -2661
 -2843
 -3046
 -3310
 -3387
 -3287
 -3132
 -3050
 -2955
 -2751
 -2496
 -1954
 -1146
  -208
   634
  1269
  1812
  2098
  2223
  2036
  1745
  1670
  1598
  1510
  1242
   693
    11
  -652
 -1373
 -2175
 -2738
 -2928
 -2818
 -2438
 -1860
 -1292
  -932
  -208
  1559
  3428
  4165
  3740
  3111
  2835
  2476
  2127
  2102
  2289
  2201
  1671
  1334
  1140
   532
  -449
 -1143
 -1104
  -862
  -902
 -1091
 -1216
 -1398
 -1767
 -1954
 -1685
 -1292
  -970
  -606
  -126
   338
   638
   757
   567
   106
  -143
   -48
    17
   -82
  -320
  -610
  -944
 -1101
  -987
  -952
 -1089
 -1339
 -1659
 -2035
 -2363
 -2487
 -2443
 -2097
 -1411
  -648
    37
   454
   570
   535
   461
   413
   379
   325
   151
  -203
  -600
  -917
 -1107
 -1051
  -976
  -945
  -869
  -705
  -204
   457
  1389
  2407
  3288
  4336
  5418
  6310
  6413
  5666
  4848
  4084
  2987
  1363
  -373
 -1694
 -2693
 -3589
 -4367
 -4831
 -4995
 -4732
 -3935
 -2811
 -1570
  -272
  1443
  3141
  4002
  4176
  4032
  3874
  3625
  3050
  2278
  1405
   609
    70
  -361
  -876
 -1686
 -2596
 -3036
 -3120
 -3046
 -2988
 -3032
 -3032
 -3021
 -2831
 -2582
 -2468
 -2238
 -1795
 -1193
  -481
   263
  1009
  1650
  2041
  2152
  2322
  2923
  3738
  4300
  4124
  3031
  1334
  -356
 -1501
 -2181
 -2635
 -2894
 -2994
 -2811
 -2322
 -1891
 -1694
 -1355
  -633
   349
  1502
  2785
  3822
  4159
  3797
  3046
  2371
  1900
  1455
  1063
   836
   504
   -67
  -585
  -935
 -1283
 -1824
 -2304
 -2539
 -2580
 -2513
 -2355
 -2045
 -1835
 -1747
 -1406
  -745
  -174
    93
   359
   691
   873
   888
   856
   915
   967
   920
   992
  1089
   913
   436
  -251
  -978
 -1449
 -1564
 -1533
 -1589
 -1830
 -2054
 -2055
 -1858
 -1544
 -1282
 -1032
  -670
  -248
   337
   993
  1563
  1761
  1498
  1108
   785
   580
   406
   208
    33
   -90
  -314
  -578
  -678
  -791
 -1020
 -1114
  -353
  1203
  2556
  3352
  3927
  4888
  5771
  5643
  5043
  4694
  4207
  2868
   871
  -887
 -2318
 -3688
 -4820
 -5236
 -5243
 -5114
 -4252
 -2974
 -1987
 -1478
  -617
  1052
  2590
  3290
  3435
  3435
  3016
  2269
  1898
  1697
  1095
   481
   532
  1010
   887
  -141
 -1201
 -1695
 -1865
 -1868
 -1732
 -1652
 -1832
 -2198
 -2471
 -2598
 -2725
 -2591
 -1771
  -512
   591
  1345
  2007
  2608
  2958
  3174
  3281
  3073
  2609
  2102
  1480
   518
  -569
 -1281
 -1664
 -2078
 -2655
 -3199
 -3428
 -3255
 -2800
 -2306
 -1990
 -1689
 -1149
  -396
   420
   982
  1192
  1297
  1611
  2113
  2458
  2445
  2259
  2049
  1527
   682
  -271
 -1138
 -1761
 -2218
 -2521
 -2676
 -2765
 -2869
 -2865
 -2682
 -2403
 -1920
 -1235
  -325
   616
  1103
  1151
  1096
  1142
  1251
  1216
   997
   772
   654
   573
   382
   176
   176
   173
    53
   -94
  -291
  -412
  -560
  -788
 -1008
 -1118
  -992
  -845
  -608
  -316
  -244
  -264
  -235
   151
   923
  1522
  1747
  1877
  2032
  2012
  1650
  1117
   610
     9
  -583
  -933
 -1000
  -757
   188
  1594
  2476
  2820
  3507
  4992
  6239
  6168
  5553
  5171
  4420
  2754
   611
 -1189
 -2654
 -3932
 -4476
 -4263
 -4065
 -3899
 -3176
 -1878
  -804
  -189
   834
  2288
  3372
  3790
  3953
  3974
  3460
  2684
  2107
  1448
   346
  -824
 -1445
 -1811
 -2510
 -3420
 -3961
 -3907
 -3709
 -3611
 -3491
 -3545
 -3714
 -3715
 -3499
 -3223
 -3058
 -2756
 -2120
 -1299
  -609
  -154
   244
   642
  1038
  1454
  1785
  1890
  1745
  1418
   895
    -7
  -982
 -1648
 -2130
 -2558
 -2960
 -3288
 -3384
 -3096
 -2487
 -1776
 -1088
  -380
   493
  1408
  1901
  1982
  2049
  2299
  2723
  3033
  3042
  2768
  2366
  2025
  1576
  1055
   469
  -206
  -676
  -970
 -1236
 -1506
 -1708
 -1774
 -1616
 -1159
  -697
  -446
    24
   845
  1671
  2274
  2542
  2559
  2446
  2365
  2183
  1980
  2023
  2007
  1821
  1638
  1318
   816
   424
   152
  -345
  -938
 -1244
 -1338
 -1199
  -960
 -1217
 -1710
 -1791
 -1577
 -1205
  -729
  -274
    64
   347
   636
   712
   745
   802
   790
  1017
  1279
  1271
   886
   481
   140
  -373
  -496
  -113
   789
  1799
  2287
  2830
  3927
  5206
  5595
  4942
  4404
  3957
  2913
  1263
  -605
 -2283
 -3904
 -5297
 -6234
 -6968
 -7364
 -7034
 -5883
 -4476
 -3421
 -2374
  -794
  1031
  2285
  2963
  3518
  3743
  3549
  3056
  2245
   931
  -744
 -1956
 -2407
 -2749
 -3417
 -3982
 -3979
 -3690
 -3572
 -3675
 -3742
 -3711
 -3551
 -2998
 -2245
 -1776
 -1438
  -984
  -544
  -162
   236
   715
  1258
  1872
  2416
  2768
  2884
  2688
  2304
  1843
  1170
   206
  -503
  -682
  -846
 -1237
 -1753
 -2119
 -2092
 -1619
  -966
  -391
   329
  1347
  2438
  3509
  4359
  4712
  4782
  4844
  5022
  5011
  4593
  4069
  3552
  3074
  2479
  1578
   636
  -203
  -746
 -1019
 -1312
 -1684
 -1910
 -1726
 -1324
  -882
  -591
  -392
    60
   500
   729
   766
   545
   245
   121
   223
   222
   -21
  -135
   -93
  -237
  -634
 -1100
 -1268
 -1184
 -1104
 -1088
 -1141
 -1169
 -1265
 -1437
 -1594
 -1767
 -1894
 -1859
 -1597
 -1310
 -1245
 -1216
 -1213
 -1255
 -1263
 -1183
  -910
  -545
  -142
   164
   208
   113
  -111
  -523
 -1041
 -1706
 -2258
 -2274
 -1818
 -1006
    -6
   889
  1827
  3122
  4636
  5801
  6044
  5584
  5117
  4394
  3098
  1261
  -718
 -2361
 -3847
 -5081
 -5997
 -6556
 -6483
 -5648
 -4173
 -2633
 -1308
   244
  2048
  3630
  4730
  5451
  5851
  5796
  5314
  4550
  3470
  2062
   716
  -207
  -902
 -1771
 -2522
 -2834
 -2965
 -3163
 -3445
 -3558
 -3430
 -3110
 -2537
 -1830
 -1275
 -1062
  -802
  -176
   531
  1011
  1395
  1882
  2454
  2980
  3207
  3130
  2909
  2671
  2325
  1810
  1181
   447
  -146
  -578
 -1163
 -1833
 -2377
 -2593
 -2444
 -2063
 -1614
 -1225
  -708
   -15
   751
  1356
  1661
  1753
  1892
  2233
  2440
  2382
  2102
  1716
  1351
   848
    11
  -954
 -1460
 -1633
 -1881
 -2118
 -2189
 -2123
 -2078
 -2079
 -2094
 -1875
 -1467
 -1064
  -490
    97
   365
   363
   518
   957
  1216
  1244
  1226
  1175
  1209
  1155
   827
   412
   177
   119
    92
  -152
  -678
 -1103
 -1203
 -1157
 -1289
 -1543
 -1724
 -1706
 -1424
 -1184
  -982
  -787
  -672
  -616
  -538
  -348
  -231
   -20
   397
   782
  1052
  1099
   870
   426
    17
  -350
  -816
 -1233
 -1306
  -870
  -169
   697
  1708
  2822
  4014
  5171
  6183
  6475
  5958
  5551
  5006
  3643
  1478
  -827
 -2541
 -3970
 -5172
 -6093
 -6687
 -6789
 -6344
 -5053
 -3352
 -2052
  -783
  1044
  2949
  4114
  4562
  4849
  4934
  4735
  4289
  3581
  2680
  1556
   558
   -76
  -770
 -1741
 -2507
 -2828
 -3126
 -3584
 -3814
 -3714
 -3436
 -3007
 -2672
 -2413
 -2108
 -1637
  -915
  -224
   248
   574
  1083
  1841
  2379
  2591
  2651
  2406
  1982
  1503
   935
    65
  -978
 -1804
 -2586
 -3163
 -3512
 -3797
 -3861
 -3631
 -3105
 -2372
 -1663
 -1090
  -486
   377
  1327
  1996
  2674
  3311
  3434
  3272
  3344
  3515
  3249
  2792
  2750
  2781
  2361
  1524
   517
  -388
 -1222
 -1956
 -2510
 -2773
 -2770
 -2586
 -1988
 -1208
  -674
  -174
   469
   917
  1145
  1558
  2221
  2652
  2742
  2761
  2526
  1871
  1277
  1018
   793
   453
   139
   101
   194
    65
  -297
  -688
  -986
 -1321
 -1666
 -1894
 -1988
 -1978
 -1887
 -1715
 -1465
 -1225
 -1066
  -872
  -562
  -221
    35
   312
   529
   504
   301
    40
  -274
  -635
 -1050
 -1669
 -2333
 -2883
 -3132
 -2859
 -2121
  -969
   321
  1662
  3164
  4708
  5972
  6279
  5866
  5336
  4370
  2877
   988
  -732
 -1963
 -3265
 -4481
 -5400
 -6108
 -6510
 -6295
 -5108
 -3684
 -2433
  -821
  1183
  2966
  3906
  4331
  4576
  4433
  4088
  3917
  3807
  3263
  2218
  1255
   598
  -269
 -1301
 -2000
 -2297
 -2556
 -2877
 -3056
 -3082
 -2957
 -2899
 -2835
 -2732
 -2635
 -2067
 -1011
   -46
   646
  1314
  1908
  2497
  3178
  3563
  3463
  3063
  2720
  2466
  2072
  1451
   624
     3
  -496
 -1287
 -2217
 -2756
 -2783
 -2657
 -2272
 -1735
 -1247
  -733
  -244
   395
  1073
  1691
  2379
  3067
  3670
  3990
  4179
  4247
  3848
  3180
  2527
  1753
   772
  -151
  -850
 -1549
 -2256
 -2893
 -3211
 -3399
 -3620
 -3319
 -2640
 -2060
 -1652
 -1115
  -470
   -16
   275
   592
   895
   868
   758
   709
   597
   425
    64
  -168
  -392
  -839
 -1219
 -1419
 -1599
 -1851
 -2006
 -2053
 -1994
 -2008
 -2068
 -1973
 -1865
 -1614
 -1322
 -1090
  -753
  -463
  -265
   -42
   258
   590
   812
   864
   867
   791
   599
   414
   217
    30
  -210
  -674
 -1138
 -1451
 -1330
  -795
    13
  1132
  2170
  3358
  4724
  6008
  6847
  6748
  6475
  6249
  5403
  3801
  1786
   227
 -1219
 -2878
 -4214
 -5332
 -6142
 -6277
 -5511
 -4312
 -3364
 -2266
  -508
  1444
  2866
  3719
  4377
  4838
  4900
  4635
  4142
  3487
  2503
  1295
   499
  -169
 -1112
 -2075
 -2648
 -2912
 -3387
 -3901
 -4219
 -4200
 -3855
 -3426
 -2901
 -2548
 -2369
 -1845
 -1114
  -593
  -133
   565
  1427
  2177
  2701
  2995
  3098
  2978
  2749
  2353
  1689
   915
   119
  -487
 -1124
 -1799
 -2363
 -2863
 -3085
 -3159
 -3088
 -2913
 -2405
 -1616
  -813
    58
   720
  1440
  2204
  2858
  3250
  3280
  3426
  3465
  3247
  2879
  2304
  1539
   587
  -205
  -912
 -1731
 -2544
 -3064
 -3266
 -3459
 -3428
 -3160
 -2761
 -2293
 -1836
 -1073
  -280
   342
   983
  1490
  1787
  1927
  1969
  1957
  1823
  1460
  1007
   609
   363
    72
  -403
  -750
 -1061
 -1338
 -1493
 -1514
 -1513
 -1670
 -1848
 -1882
 -1717
 -1452
 -1080
  -727
  -303
   206
   639
   995
  1195
  1482
  1896
  2225
  2406
  2240
  1819
  1429
   819
    96
  -641
 -1353
 -1935
 -2239
 -1900
 -1239
  -373
   481
  1361
  2632
  4132
  5455
  6040
  5978
  5763
  5498
  4765
  3281
  1399
  -466
 -2182
 -3732
 -5063
 -6015
 -6454
 -6270
 -5481
 -4668
 -4130
 -3260
 -1812
  -182
  1082
  2031
  3065
  3681
  3854
  3952
  3619
  2812
  1844
  1233
   923
   244
  -478
 -1081
 -1587
 -1951
 -2502
 -3095
 -3540
 -3737
 -3575
 -3237
 -3016
 -2772
 -2489
 -2039
 -1369
  -701
    85
   730
  1458
  2382
  3134
  3721
  3893
  3730
  3443
  3142
  2714
  1959
  1271
   607
  -390
 -1447
 -2119
 -2628
 -3018
 -2995
 -2781
 -2528
 -2141
 -1479
  -692
    17
   892
  1802
  2571
  3232
  3644
  3832
  3694
  3315
  3007
  2638
  1844
   809
   -83
  -844
 -1686
 -2445
 -2932
 -3274
 -3557
 -3741
 -3708
 -3384
 -2828
 -2187
 -1288
  -403
    71
   496
   990
  1265
  1259
  1184
  1299
  1560
  1726
  1903
  1819
  1329
   875
   599
   323
  -191
  -583
  -680
  -735
  -912
 -1063
 -1153
 -1465
 -1730
 -1746
 -1555
 -1156
  -645
  -115
   212
   367
   655
   787
   724
   687
   670
   709
   745
   649
   213
  -288
  -791
 -1316
 -1847
 -2212
 -1969
 -1426
  -568
   509
  1396
  2371
  3582
  4856
  5592
  5485
  5494
  5499
  4808
  3326
  1480
    22
 -1498
 -2890
 -4065
 -5107
 -5789
 -5977
 -5346
 -4356
 -3569
 -2938
 -1808
  -237
  1129
  2007
  2702
  3579
  4071
  4177
  3994
  3370
  2557
  1909
  1585
  1046
   216
  -530
  -989
 -1441
 -2127
 -2617
 -2937
 -3209
 -3088
 -2870
 -2577
 -2266
 -1802
 -1062
  -476
    97
   689
  1232
  1683
  2177
  2610
  2823
  2883
  2930
  3076
  3030
  2603
  1844
  1038
   369
  -367
 -1374
 -2351
 -2855
 -3276
 -3709
 -3782
 -3674
 -3442
 -2951
 -2069
 -1187
  -587
   276
  1339
  2225
  2892
  3408
  3728
  3653
  3314
  2960
  2586
  1602
   413
  -419
 -1418
 -2261
 -2843
 -3319
 -3565
 -3655
 -3470
 -3319
 -3264
 -3011
 -2406
 -1588
  -802
   -28
   610
  1170
  1428
  1559
  1848
  1972
  1994
  1836
  1690
  1622
  1403
  1011
   516
   148
  -294
  -639
  -685
  -877
 -1171
 -1266
 -1169
 -1145
 -1197
 -1016
  -749
  -518
  -240
   259
   711
   908
  1324
  1705
  1929
  2018
  1871
  1653
  1209
   740
   309
  -249
  -830
 -1355
 -1835
 -1984
 -1718
 -1096
  -301
   282
  1117
  2385
  3735
  4653
  4879
  4945
  5128
  4915
  3802
  2386
  1402
   417
  -867
 -2136
 -3384
 -4644
 -5334
 -5124
 -4680
 -4659
 -4351
 -3240
 -1806
  -680
   147
  1090
  2000
  2906
  3603
  3911
  3755
  3314
  2780
  2174
  1459
   549
  -422
 -1273
 -1823
 -2381
 -3050
 -3542
 -3645
 -3490
 -3322
 -3210
 -3095
 -2878
 -2342
 -1710
 -1426
 -1099
  -538
   182
   754
  1296
  1889
  2141
  2282
  2452
  2743
  2561
  2121
  2045
  1818
  1233
   321
  -674
 -1413
 -1732
 -1990
 -2412
 -2824
 -2991
 -2767
 -2180
 -1646
 -1095
  -275
   671
  1825
  2783
  3517
  3954
  4185
  4314
  4115
  3680
  2907
  2049
  1222
   410
  -653
 -1830
 -2734
 -3326
 -3528
 -3544
 -3181
 -2709
 -2394
 -1856
 -1247
  -864
  -388
   343
  1155
  1778
  1966
  1915
  1734
  1353
   943
   766
   583
   486
   535
   325
   -86
  -541
  -892
 -1204
 -1465
 -1452
 -1342
 -1208
 -1035
  -977
  -893
  -811
  -789
  -705
  -648
  -488
   -92
   352
   587
   765
   943
  1001
   989
   878
   774
   655
   356
  -158
  -879
 -1600
 -1858
 -1544
  -923
  -397
   145
  1218
  2718
  3997
  4388
  4441
  4928
  5399
  5182
  4273
  3205
  2078
   781
  -513
 -1868
 -3316
 -4402
 -4819
 -4688
 -4678
 -4783
 -4292
 -3273
 -2178
 -1308
  -305
   952
  2132
  2884
  3335
  3651
  3399
  2882
  2597
  2344
  1687
   681
   -68
  -413
 -1027
 -1921
 -2677
 -3301
 -3627
 -3587
 -3203
 -2788
 -2647
 -2431
 -1884
 -1482
 -1221
  -942
  -717
  -257
   300
   885
  1319
  1643
  2017
  2386
  2632
  2543
  2317
  1991
  1814
  1495
   786
    68
  -484
  -919
 -1611
 -2417
 -2965
 -3285
 -3237
 -2790
 -2362
 -1796
 -1044
     2
  1050
  1676
  2294
  2990
  3682
  4053
  4063
  3857
  3580
  3106
  2366
  1438
   369
  -489
 -1451
 -2105
 -2390
 -2746
 -2904
 -2818
 -2437
 -1823
 -1247
  -801
  -156
   366
   756
  1181
  1298
  1144
  1040
  1054
   917
   665
   404
   270
   139
    -1
   -76
  -208
  -312
  -312
  -422
  -624
  -881
 -1143
 -1358
 -1590
 -1486
 -1375
 -1496
 -1578
 -1371
  -996
  -652
  -228
    66
   403
   504
   564
   635
   432
   285
   -77
  -427
  -671
  -811
  -645
  -136
   453
   753
  1172
  2058
  3017
  3405
  3420
  3746
  4113
  3955
  3345
  2590
  1813
   794
  -242
 -1147
 -2106
 -2958
 -3520
 -3673
 -3835
 -4025
 -3929
 -3238
 -2172
 -1280
  -353
   661
  1804
  2576
  2895
  3206
  3331
  3039
  2603
  2232
  1702
   905
    24
  -401
  -866
 -1612
 -2220
 -2564
 -2670
 -2792
 -2783
 -2560
 -2381
 -2270
 -1947
 -1753
 -1589
 -1290
  -952
  -502
    -6
   470
   683
   921
  1267
  1313
  1132
  1325
  1724
  1880
  1905
  1819
  1564
  1197
   851
   514
    97
  -390
  -693
  -994
 -1350
 -1646
 -1908
 -2004
 -1855
 -1426
  -984
  -471
    18
   659
  1403
  2128
  2885
  3103
  3198
  3356
  3238
  2788
  2075
  1367
   752
    53
  -594
 -1163
 -1794
 -2158
 -2343
 -2441
 -2482
 -2417
 -2160
 -1672
 -1074
  -504
   -42
   264
   601
   792
   826
   720
   793
   894
   758
   638
   340
    99
   -14
  -118
  -367
  -673
  -842
 -1006
 -1073
 -1105
 -1229
 -1430
 -1653
 -1724
 -1620
 -1533
 -1330
 -1114
  -830
  -537
  -132
   296
   349
   358
   428
   481
   329
   252
   216
   473
   800
   825
  1130
  1598
  2374
  2665
  2435
  2467
  2753
  2825
  2278
  1851
  1538
  1063
   308
  -638
 -1595
 -2579
 -3269
 -3476
 -3384
 -3262
 -3013
 -2446
 -1736
 -1113
  -512
   303
  1343
  2225
  2939
  3383
  3637
  3627
  3172
  2794
  2333
  1679
   907
   241
  -181
  -624
 -1187
 -1764
 -1882
 -1944
 -2066
 -1883
 -1618
 -1416
 -1118
  -766
  -359
   -83
  -269
  -250
   -98
    34
   192
   369
   773
  1127
  1104
   953
   942
   969
   954
   804
   825
   806
   679
   555
   386
    14
  -532
  -746
  -879
 -1027
 -1257
 -1516
 -1659
 -1774
 -1802
 -1706
 -1603
 -1511
 -1164
  -850
  -373
   288
   691
   987
  1294
  1669
  1885
  1697
  1382
  1006
   534
    60
  -545
 -1272
 -1892
 -2202
 -2400
 -2403
 -2356
 -2142
 -1788
 -1534
  -972
  -484
   -32
   508
  1090
  1510
  1551
  1636
  1688
  1719
  1481
  1188
   977
   685
   593
   456
   315
    90
  -201
  -545
  -816
  -916
 -1074
 -1118
 -1037
  -832
  -650
  -629
  -596
  -509
  -339
  -183
    33
   431
   684
   777
   695
   718
   885
  1143
  1526
  1694
  1792
  1729
  2032
  2390
  2177
  1800
  1672
  2025
  2099
  1775
  1430
  1357
  1197
   545
   -50
  -462
  -937
 -1554
 -2013
 -2188
 -2287
 -2462
 -2591
 -2478
 -2101
 -1668
 -1111
  -544
   107
   858
  1277
  1657
  1907
  2044
  2064
  1862
  1479
   945
   372
  -185
  -640
 -1368
 -1871
 -2185
 -2385
 -2329
 -2353
 -2256
 -2198
 -2080
 -1738
 -1374
 -1053
  -660
  -349
   -60
   268
   544
   731
   774
   770
   697
   703
   639
   565
   473
   385
   295
   123
   -50
  -175
  -119
  -216
  -315
  -286
  -191
  -189
  -261
  -285
  -311
  -275
  -189
   -61
   -33
   -38
   -86
    33
   199
   277
   347
   410
   604
   770
   904
   957
  1018
   940
   661
   392
   154
   -86
  -489
  -784
 -1052
 -1306
 -1366
 -1450
 -1455
 -1391
 -1232
  -863
  -511
  -177
   219
   592
   809
  1021
  1247
  1229
  1243
  1163
   967
   801
   731
   702
   452
   193
   -33
   -52
  -123
  -150
  -115
  -269
  -156
   -18
    90
    41
   -45
   -59
  -183
  -167
  -189
  -133
   -48
    50
   221
   504
   933
  1192
  1361
  1570
  1860
  2081
  1957
  1810
  1711
  1465
  1053
   422
   -22
  -411
  -834
 -1282
 -1579
 -1650
 -1795
 -1890
 -1969
 -1718
 -1465
 -1304
 -1149
 -1086
  -770
  -468
  -242
  -146
   -11
   224
   350
   284
   182
   378
   626
   626
   484
   401
   378
   218
  -128
  -395
  -607
  -899
 -1181
 -1168
 -1257
 -1398
 -1336
 -1296
 -1100
  -984
  -850
  -670
  -387
   -52
   187
   380
   571
   923
  1038
   967
   882
   820
   818
   753
   557
   305
   272
   290
   213
   101
    75
   170
   150
   -49
  -132
   -35
   220
   422
   555
   737
   788
   739
   467
   219
   -11
  -250
  -352
  -333
   -43
   187
   249
   213
   238
   401
   567
   684
   718
   738
   766
   727
   503
   177
  -209
  -678
 -1119
 -1364
 -1496
 -1432
 -1159
  -832
  -525
  -285
   163
   661
  1073
  1273
  1299
  1325
  1190
  1026
   832
   498
   162
  -174
  -495
  -605
  -735
  -959
 -1021
  -838
  -492
  -287
  -195
   -81
  -141
  -221
  -261
  -370
  -413
  -461
  -381
  -197
  -220
  -386
  -570
  -460
  -150
   214
   598
   903
  1102
  1012
   846
   616
   475
   419
   265
   297
   286
    65
  -203
  -469
  -733
  -899
  -808
  -636
  -337
   -52
    50
   141
   136
   214
   281
   200
   167
   157
   138
   146
   168
    11
  -266
  -330
  -212
  -126
  -101
  -150
  -188
  -186
  -174
   -54
    25
    98
   242
   366
   440
   410
   327
   271
   199
   118
   115
    60
   119
   189
   136
   112
   -52
  -176
  -202
  -165
   -25
    49
    34
    41
    52
    54
    75
    95
   149
   124
    14
  -130
  -164
  -225
  -202
  -146
  -179
    85
   320
   440
   413
   285
   141
   -32
   -65
  -165
  -255
  -432
  -552
  -502
  -558
  -590
  -573
  -596
  -504
  -238
   209
   548
   701
   774
