  -245
  -366
  -267
   -29
    30
    15
    22
    47
     8
     2
    -7
    78
   458
   945
  1183
  1389
  1575
  1763
  2198
  2316
  2239
  1968
  1723
  1391
  1000
   941
   738
   569
   434
   166
  -200
  -609
  -843
  -936
  -820
  -695
  -603
  -303
   -69
   143
   310
   293
   123
    32
     3
   -17
    74
    98
    57
    -8
  -127
  -398
  -703
  -908
 -1035
 -1138
 -1216
 -1215
 -1166
 -1150
 -1219
 -1245
 -1248
 -1342
 -1361
 -1172
  -978
  -833
  -757
  -655
  -509
  -439
  -355
  -313
   -81
   258
   486
   439
   194
   -42
  -375
  -519
  -394
  -120
    17
   -64
  -196
  -385
  -667
  -817
  -835
  -726
  -392
   -18
   237
   370
   461
   422
   290
   218
   222
   224
   350
   500
   648
   661
   444
   114
  -118
  -154
  -207
  -220
  -223
  -231
  -145
     0
   127
   178
    50
  -133
  -134
   -92
    16
   204
   407
   577
   563
   451
   352
   225
   118
   144
   220
   340
   473
   397
   252
   266
   250
   -53
  -248
   -58
    97
   234
   413
   657
   809
  1032
  1437
  1915
  2686
  2968
  2642
  2084
  1806
  1477
   684
   344
   174
    36
   -51
    25
   190
  -279
  -797
 -1081
 -1162
 -1128
 -1122
  -728
  -287
    81
   423
   613
   393
   -24
   -91
   -52
   -98
  -166
  -105
  -123
  -337
  -478
  -525
  -727
 -1301
 -1623
 -1509
 -1379
 -1259
 -1060
  -858
 -1002
 -1202
 -1147
 -1097
 -1261
 -1385
 -1217
  -946
  -755
  -558
  -449
  -484
  -477
  -338
  -217
  -308
  -254
   -44
   167
   485
   731
   878
   926
  1051
   942
   536
   152
  -299
  -501
  -397
  -193
    69
   253
   336
   343
   190
    -8
  -277
  -317
  -104
   188
   607
   905
  1012
   995
   938
   750
   464
   209
    32
    59
   131
   194
   224
   181
    24
  -236
  -370
  -425
  -281
   103
   358
   380
   331
   142
  -107
  -211
  -249
  -228
  -240
  -204
   -47
    -6
   -70
  -226
  -365
  -407
  -279
  -170
  -140
  -117
  -336
  -508
  -482
  -490
  -626
  -495
    65
   666
  1318
  1879
  3083
  4175
  4034
  3153
  2228
  1821
   873
   112
   192
   472
   411
   104
   345
   160
  -802
 -1704
 -2021
 -1765
 -1682
 -1261
  -349
   428
   889
  1083
  1198
   757
   209
   163
   371
   457
   565
   936
   874
   312
  -114
  -365
  -899
 -1724
 -1913
 -1527
 -1390
 -1468
 -1151
  -757
  -965
 -1301
 -1305
 -1269
 -1550
 -1715
 -1322
  -911
  -701
  -445
  -161
   -92
  -331
  -309
   -35
   -53
  -257
  -175
    25
  -133
  -366
  -304
  -390
  -654
  -107
   735
   988
   765
   626
   335
  -317
  -692
  -631
  -405
  -222
   331
  1009
  1454
  1319
   808
   391
   182
    58
   111
   543
   921
  1160
  1358
  1276
   796
   219
  -270
  -478
  -458
  -320
  -202
  -265
  -375
  -397
  -464
  -683
  -764
  -642
  -307
    24
   147
   182
   -34
  -263
  -252
  -211
  -222
  -273
  -240
  -148
   -81
  -218
  -596
  -812
  -739
  -589
  -436
  -255
  -257
  -285
  -327
  -557
  -760
  -809
  -606
  -288
   347
  1162
  3204
  5440
  5545
  4064
  2648
  2192
   743
  -577
  -430
     5
   120
   115
  1077
  1271
  -323
 -1888
 -2279
 -1854
 -2186
 -1889
  -275
   818
  1407
  1771
  2035
  1263
   127
   -96
    79
   211
   292
   854
  1155
   694
   284
   -14
  -739
 -2193
 -2871
 -2434
 -2151
 -2001
 -1484
  -758
  -745
  -955
  -839
  -749
 -1129
 -1645
 -1414
  -837
  -430
  -106
   252
   290
    83
   110
    83
   -42
  -312
  -414
   -62
    83
    14
   -86
  -294
  -495
  -623
  -591
   147
  1191
  1589
  1333
  1120
   795
  -157
  -614
  -432
  -289
  -199
   380
  1050
  1016
   517
    82
  -202
  -534
  -658
  -366
   132
   417
   632
   813
   515
  -203
  -670
  -681
  -644
  -533
  -299
   -87
     1
  -131
  -242
  -266
  -402
  -622
  -501
  -111
     0
  -146
  -221
  -259
  -381
  -508
  -580
  -639
  -728
  -647
  -364
  -380
  -739
  -950
  -824
  -552
  -349
  -185
   -23
   105
   126
   210
   280
   223
   407
   869
  1766
  4391
  6902
  6883
  4888
  3222
  2556
   609
 -1014
  -933
  -333
  -221
   -38
  1195
  1406
  -269
 -2162
 -2636
 -2266
 -2776
 -2390
  -615
   956
  1961
  2606
  2871
  1841
   576
   144
    11
  -134
    89
   764
  1028
   780
   582
   383
  -661
 -2513
 -3368
 -2949
 -2619
 -2544
 -1777
  -631
  -384
  -695
  -760
  -788
 -1421
 -2002
 -1606
  -897
  -423
  -141
   325
   608
   337
   133
  -113
  -453
  -861
  -925
  -569
  -445
  -422
  -489
  -631
  -906
 -1126
 -1149
 -1202
 -1163
  -769
   263
  1442
  2225
  2247
  1843
  1580
  1293
   735
   192
    41
  -118
   -16
   527
  1037
   997
   665
   467
   256
  -284
  -685
  -624
  -436
  -119
   289
   675
   706
   414
   304
   374
   270
   143
   148
   246
   288
   130
    10
   -60
  -252
  -386
  -446
  -476
  -608
  -839
  -788
  -561
  -546
  -646
  -653
  -673
  -764
  -859
  -908
  -948
 -1059
 -1094
  -920
  -660
  -569
  -422
  -248
  -300
  -365
  -500
  -478
   -39
   627
  3267
  6878
  7952
  6361
  4111
  3113
  1299
 -1095
 -1560
  -871
  -424
  -368
   994
  2333
  1185
 -1022
 -2305
 -2216
 -2701
 -2968
 -1164
   760
  2023
  2810
  3525
  3167
  1528
   519
   143
  -278
  -564
   106
  1099
   993
   605
   543
   -79
 -2012
 -3855
 -3936
 -3576
 -3614
 -2959
 -1473
  -590
  -739
  -847
  -698
 -1138
 -2086
 -2186
 -1557
  -947
  -390
   187
   700
   528
    26
  -432
  -837
 -1222
 -1638
 -1425
 -1004
  -702
  -430
  -375
  -498
  -831
  -965
 -1031
 -1100
  -913
  -403
   354
   985
  1360
  1632
  2674
  4112
  4521
  3706
  2557
  1541
   329
  -610
  -643
  -406
  -414
   183
  1133
  1197
   283
  -694
 -1259
 -1579
 -1651
 -1051
   -88
   662
  1439
  2114
  2264
  1659
   843
   434
   182
   -60
   -22
   146
    69
  -356
  -808
  -981
 -1207
 -1694
 -1966
 -1858
 -1662
 -1510
 -1271
  -810
  -637
  -790
  -962
 -1053
 -1094
 -1112
 -1062
 -1013
  -934
  -843
  -599
  -214
  -105
  -401
  -869
  -968
  -972
  -780
    82
  1270
  4385
  8007
  8974
  7152
  4698
  3490
  1522
  -715
 -1243
  -882
  -542
  -212
  1300
  2279
   952
 -1149
 -2391
 -2336
 -2824
 -2792
  -971
  1009
  2474
  3380
  3993
  3309
  1732
   761
   106
  -570
  -943
  -320
   532
   519
   255
   135
  -675
 -2736
 -4369
 -4338
 -4015
 -4061
 -3306
 -1648
  -678
  -861
 -1257
 -1398
 -2059
 -3180
 -3377
 -2738
 -2026
 -1322
  -442
   411
   654
   434
    10
  -442
  -818
  -942
  -629
  -281
   161
   515
   408
    21
  -417
  -585
  -666
  -724
  -330
   387
  1140
  1758
  2341
  2642
  2984
  3966
  4875
  4602
  3686
  3190
  2543
  1637
   998
   773
   369
   188
   608
  1049
   803
    40
  -482
  -734
  -802
  -675
  -203
   308
   799
  1313
  1604
  1338
   720
   233
   -74
  -322
  -523
  -607
  -770
 -1106
 -1418
 -1619
 -1734
 -1811
 -1838
 -1891
 -1884
 -1891
 -1857
 -1697
 -1669
 -1711
 -1703
 -1648
 -1761
 -1990
 -2168
 -2298
 -2227
 -2058
 -1691
 -1272
 -1171
 -1208
 -1350
 -1583
 -1616
 -1543
 -1258
  -377
   948
  4372
  8303
  9236
  7376
  4752
  3265
   882
 -1607
 -1945
 -1503
 -1222
  -879
  1062
  2582
  1233
  -999
 -2292
 -2278
 -2701
 -2506
  -307
  1875
  3580
  4855
  5765
  5300
  3672
  2673
  2014
  1382
  1125
  1942
  2876
  2585
  2214
  2152
  1301
 -1042
 -2862
 -3025
 -3046
 -3155
 -2321
  -472
   476
   120
  -226
  -313
 -1018
 -2290
 -2637
 -2146
 -1528
  -865
  -126
   571
   565
   131
  -299
  -832
 -1462
 -2032
 -2091
 -1895
 -1673
 -1509
 -1538
 -1654
 -1844
 -1973
 -2251
 -2487
 -2282
 -1722
  -981
  -344
   250
   861
  1241
  1284
  1412
  1973
  2033
  1237
   779
   717
   155
  -540
  -622
  -586
 -1018
 -1093
  -552
  -386
  -740
  -911
  -822
  -721
  -495
  -121
   203
   448
   914
  1477
  1556
  1215
   989
   809
   388
  -138
  -277
  -232
  -332
  -433
  -352
  -121
  -211
  -514
  -606
  -331
   -55
   -23
   150
   513
   707
   801
  1029
  1077
   948
   891
   783
   661
   500
   498
   552
   364
   190
  -108
  -392
  -680
  -655
  -336
   389
  1292
  3456
  7661
  9831
  8618
  5795
  3871
  2008
 -1122
 -2560
 -2205
 -1676
 -1523
  -447
  1503
  1152
 -1002
 -2926
 -3584
 -3928
 -4559
 -3149
  -799
  1033
  2324
  3320
  3653
  2190
   566
  -405
 -1383
 -2024
 -1602
  -350
   -98
  -403
  -187
  -405
 -2035
 -4159
 -4740
 -4547
 -4595
 -4162
 -2534
  -939
  -739
  -879
  -806
 -1072
 -2288
 -3203
 -2968
 -2546
 -1913
  -909
   226
   680
   410
    97
  -370
  -934
 -1475
 -1540
 -1295
 -1105
  -583
  -174
   -98
  -318
  -581
  -804
 -1112
 -1095
  -521
   355
  1154
  2031
  3281
  4199
  4333
  4670
  5344
  5332
  4267
  3630
  3645
  3002
  2096
  1773
  1804
  1461
  1141
  1147
   944
   553
   322
   273
   370
   567
   839
  1158
  1441
  1755
  2020
  2068
  1681
  1184
   769
   226
  -210
  -516
  -763
 -1072
 -1436
 -1696
 -1840
 -1939
 -2106
 -2207
 -2259
 -2456
 -2563
 -2330
 -2130
 -2019
 -1827
 -1676
 -1619
 -1703
 -1854
 -2096
 -2386
 -2560
 -2650
 -2613
 -2468
 -2235
 -1947
 -1823
 -1996
 -1979
 -1864
 -1595
  -737
  1384
  5774
  8981
  8632
  6192
  3962
  2277
  -836
 -3023
 -2958
 -2341
 -1931
  -664
  2136
  3048
   984
 -1280
 -2254
 -2708
 -3588
 -2688
  -238
  1691
  3176
  4509
  5191
  3888
  2002
   940
   -56
  -936
  -803
   707
  1704
  1624
  1956
  2365
  1344
 -1175
 -2696
 -2704
 -2751
 -2645
 -1294
   710
  1578
  1596
  1634
  1465
   479
  -867
 -1441
 -1283
  -690
   104
  1057
  1923
  2232
  2091
  1533
   807
   164
  -364
  -630
  -712
  -440
   -88
  -161
  -461
  -779
 -1159
 -1792
 -2265
 -2078
 -1574
  -836
    27
   995
  1743
  1816
  1934
  2104
  1985
  1169
   125
  -122
  -239
  -610
  -962
  -985
 -1108
 -1430
 -1484
 -1597
 -1902
 -2237
 -2224
 -1954
 -1739
 -1412
  -973
  -522
    68
   707
  1114
   972
   478
   222
     9
  -471
  -963
 -1146
 -1182
 -1273
 -1201
 -1005
  -943
 -1149
 -1430
 -1514
 -1571
 -1685
 -1643
 -1440
 -1226
 -1097
  -966
  -889
 -1030
 -1039
  -937
 -1008
  -942
  -601
   -15
   372
   541
   723
   627
   584
   719
   999
  1630
  2415
  4485
  9263
 12752
 12126
  9171
  6661
  4714
  1112
 -1411
 -1262
  -667
  -609
   493
  3405
  4307
  1919
  -651
 -1798
 -2474
 -3936
 -3362
  -777
  1128
  2662
  4194
  5261
  4182
  1926
   397
  -933
 -2235
 -2588
 -1424
  -600
 -1053
  -940
  -379
 -1279
 -4004
 -6021
 -6248
 -6428
 -6478
 -4954
 -2467
 -1195
 -1193
 -1128
 -1066
 -2031
 -3658
 -4384
 -4143
 -3432
 -2468
 -1000
   412
   798
   602
    14
  -721
 -1577
 -2196
 -2325
 -2194
 -1361
  -557
  -194
   -21
  -149
  -520
 -1309
 -1938
 -1887
 -1259
  -384
   622
  1753
  2362
  2381
  2736
  3536
  4060
  3971
  3356
  2887
  2378
  1742
  1123
   706
   364
   137
   526
  1037
  1375
  1483
  1546
  1639
  1725
  1867
  2182
  2535
  3032
  3703
  4133
  3927
  3253
  2597
  1878
  1052
   512
   212
  -196
  -683
 -1098
 -1282
 -1452
 -1644
 -1814
 -2065
 -2269
 -2318
 -2120
 -1888
 -1758
 -1623
 -1545
 -1551
 -1715
 -1947
 -2265
 -2770
 -3078
 -3093
 -3045
 -2875
 -2524
 -2135
 -2127
 -2265
 -2419
 -2480
 -2404
 -1870
  -822
  1905
  7042
 10112
  9336
  6484
  4311
  2265
 -1384
 -3197
 -2950
 -2636
 -2380
  -549
  2619
  2971
   598
 -1785
 -2844
 -3488
 -4450
 -2958
  -251
  1745
  3332
  5005
  6008
  4469
  2291
   866
  -515
 -1800
 -1776
   -90
   774
   654
  1217
  1728
   490
 -2283
 -3802
 -4041
 -4480
 -4331
 -2580
  -125
   951
  1167
  1521
  1374
   251
 -1098
 -1517
 -1143
  -346
   670
  1848
  2755
  3040
  2714
  1787
   921
    51
  -686
 -1102
 -1113
  -444
    -6
   112
   124
  -103
  -674
 -1728
 -2299
 -2165
 -1704
  -911
   108
  1110
  1650
  1792
  2502
  3525
  3494
  2114
   899
   635
  -280
 -1420
 -1693
 -1700
 -2109
 -2014
  -987
  -364
  -707
 -1172
 -1372
 -1614
 -1769
 -1352
  -495
   175
   959
  1981
  2626
  2298
  1522
  1023
   481
  -204
  -649
  -665
  -638
  -988
 -1359
 -1442
 -1333
 -1456
 -1736
 -1692
 -1553
 -1453
 -1126
  -681
  -521
  -557
  -646
  -766
  -797
  -888
 -1032
 -1318
 -1419
 -1212
 -1096
  -909
  -663
  -522
  -463
  -652
  -719
  -619
  -202
  1069
  4106
  9255
 11946
 10603
  7857
  6024
  4097
   338
 -1595
 -1419
 -1347
 -1196
   620
  3733
  3897
  1288
  -889
 -1858
 -2543
 -3552
 -2381
  -188
  1253
  2852
  4409
  5206
  3712
  1433
  -150
 -1787
 -3051
 -2898
 -1340
  -594
  -717
    24
   580
  -869
 -3650
 -5131
 -5507
 -6085
 -5942
 -4110
 -1685
  -682
  -502
  -126
  -203
 -1504
 -3236
 -3810
 -3611
 -3072
 -2094
  -706
   517
  1050
  1169
   683
    57
  -602
 -1291
 -1616
 -1397
  -462
   318
   647
   756
   576
   108
  -689
 -1199
 -1021
  -395
   512
  1504
  2508
  3076
  3379
  3834
  4232
  3965
  2995
  2181
  1696
  1284
   578
   -16
  -281
  -420
  -260
   185
   477
   325
   -86
  -307
  -404
  -411
  -128
   250
   769
  1527
  2477
  3066
  2939
  2395
  1721
   841
  -107
  -689
  -907
 -1103
 -1220
 -1073
  -845
  -741
  -810
  -987
 -1340
 -1751
 -1848
 -1673
 -1534
 -1390
 -1223
 -1145
 -1108
 -1172
 -1351
 -1754
 -2299
 -2610
 -2477
 -2150
 -1833
 -1579
 -1548
 -1767
 -2003
 -1963
 -1749
 -1056
   202
  4068
  9139
 10581
  8432
  5638
  4195
  1562
 -2205
 -3515
 -3001
 -2698
 -2326
   420
  3460
  2691
   -17
 -1768
 -2109
 -3213
 -3942
 -1781
   784
  2499
  4164
  6057
  6339
  4249
  2143
   713
  -748
 -1845
 -1190
   380
   609
   521
  1319
  1630
  -354
 -3025
 -3932
 -4178
 -4734
 -4328
 -2049
    22
   373
   315
   602
   177
 -1562
 -2999
 -3291
 -3036
 -2480
 -1444
   -29
   800
   938
   660
    28
  -778
 -1729
 -2359
 -2663
 -2452
 -1683
 -1079
  -784
  -729
  -857
 -1426
 -2203
 -2487
 -2186
 -1491
  -479
   901
  2307
  2937
  3287
  3892
  4410
  4197
  3017
  2123
  1723
  1503
  1244
   944
   751
   575
   649
   994
  1184
   956
   607
   515
   670
  1014
  1493
  1921
  2276
  2783
  3443
  3756
  3424
  2752
  2068
  1299
   681
   310
   -19
  -382
  -713
  -693
  -545
  -541
  -616
  -838
 -1178
 -1500
 -1607
 -1482
 -1333
 -1252
 -1214
 -1123
 -1015
 -1116
 -1418
 -1878
 -2478
 -3162
 -3625
 -3632
 -3594
 -3565
 -3483
 -3511
 -3824
 -4031
 -3643
 -2835
 -1322
  2870
  7542
  8495
  6210
  3596
  2221
  -573
 -4019
 -5138
 -4741
 -4492
 -4040
 -1466
  1020
   218
 -2214
 -3728
 -4003
 -4757
 -4767
 -2548
   -29
  1802
  3533
  5456
  5647
  3942
  2422
  1319
    51
  -669
   382
  2025
  2491
  2711
  3512
  3632
  1599
  -791
 -1302
 -1100
 -1173
  -482
  1815
  3949
  4772
  5184
  5439
  4811
  3034
  1669
  1382
  1626
  2115
  2857
  3860
  4440
  4501
  4081
  3235
  2166
   978
   119
  -494
  -617
  -192
    -6
  -180
  -595
 -1112
 -1898
 -2851
 -3352
 -3329
 -2790
 -1964
  -964
  -106
   745
  1265
   949
   291
  -490
 -1692
 -3068
 -3373
 -3025
 -3174
 -3730
 -3653
 -3415
 -3928
 -4362
 -4424
 -4520
 -4587
 -4302
 -3718
 -3089
 -2640
 -2209
 -1633
 -1126
  -693
  -238
     7
  -170
  -522
  -719
  -913
 -1237
 -1622
 -1693
 -1401
 -1068
  -775
  -531
  -424
  -496
  -533
  -435
  -175
   194
   499
   756
   939
  1029
  1001
   776
   571
   437
   225
   -77
   -13
   343
   468
   614
   787
   803
   575
   948
  2536
  6498
 11004
 11971
  9859
  6855
  4988
  2505
  -817
 -2127
 -2082
 -1794
 -1044
  1302
  3548
  2792
   733
  -517
  -597
 -1043
 -1278
   773
  3116
  4805
  6181
  7453
  7490
  5430
  3519
  2257
   927
    75
   518
  1757
  1939
  1555
  1694
  1329
  -842
 -3418
 -4357
 -4461
 -4589
 -3947
 -1930
  -237
    11
  -165
  -326
 -1024
 -2702
 -4264
 -4752
 -4400
 -3634
 -2872
 -1977
 -1429
 -1642
 -2292
 -3139
 -3763
 -4369
 -4765
 -4642
 -4125
 -3450
 -3196
 -3174
 -3272
 -3447
 -3746
 -4241
 -4153
 -3496
 -2666
 -1799
  -885
   -32
   851
  1873
  2188
  1736
   991
   289
  -294
  -488
  -247
    21
    45
   127
   491
   657
   532
   344
    25
  -103
   417
   926
  1130
  1353
  1855
  2376
  2618
  2735
  2880
  2870
  2715
  2521
  2336
  1948
  1193
   593
   141
  -237
  -291
   -43
   154
    51
  -240
  -366
  -129
    64
  -119
    50
   594
   773
   683
   621
   471
  -134
  -672
  -390
   160
   313
   427
   721
   833
   813
  1076
  2033
  3079
  5940
 11112
 13561
 11849
  8430
  6368
  4494
   861
 -1323
 -1235
  -849
  -737
   828
  3305
  3049
   183
 -2287
 -2886
 -3342
 -4315
 -3100
  -620
  1077
  2314
  3635
  4074
  2257
    66
 -1098
 -2393
 -3782
 -3834
 -2444
 -1784
 -2244
 -2394
 -2635
 -4604
 -7532
 -8609
 -8133
 -7883
 -7417
 -5424
 -2943
 -1789
 -1924
 -2500
 -3037
 -4322
 -5655
 -5582
 -4652
 -3630
 -2594
 -1265
  -147
    85
  -506
 -1349
 -2033
 -2595
 -2482
 -1751
  -861
   110
   759
   969
   655
   113
  -242
  -483
  -485
     6
   996
  1926
  2685
  3815
  5030
  5664
  5307
  4354
  3342
  2281
  1662
  1958
  2485
  2575
  2326
  2168
  1868
   964
     9
  -769
 -1111
 -1100
  -539
   522
  1345
  2076
  2592
  2736
  2663
  2494
  2564
  2920
  3357
  3646
  3668
  3275
  2389
  1519
  1089
   881
   621
   563
   860
  1216
  1384
  1404
  1528
  1757
  1986
  2131
  2167
  1971
  1291
   458
  -293
  -728
  -955
 -1181
 -1242
 -1212
  -911
  -947
 -1435
 -1857
 -2302
 -2444
  -841
  3432
  6141
  4832
  1887
  -110
 -1336
 -4106
 -6582
 -6937
 -6721
 -6844
 -5959
 -3477
 -2738
 -4537
 -5740
 -5220
 -4389
 -4430
 -3107
  -271
  2201
  3942
  5008
  5260
  3741
  1774
   882
   147
  -715
  -880
   116
   681
   268
   288
    28
 -1861
 -5076
 -6877
 -6520
 -5823
 -5123
 -3604
 -1238
   295
   640
   595
   274
  -669
 -1891
 -2068
 -1026
   495
  1739
  2716
  3543
  3622
  2865
  1555
   395
  -296
  -554
  -471
  -158
   394
   727
   696
   118
  -669
 -1240
 -1805
 -2220
 -1708
  -577
   703
  2361
  3744
  3929
  2895
  1680
   508
  -751
 -1428
 -1066
  -668
   817
  3300
  6199
  8755
  9144
  9137
  8698
  7664
  7348
  7609
  7733
  7180
  6451
  6169
  5241
  3837
  2539
   653
 -1684
 -4355
 -5876
 -6190
 -6653
 -6938
 -7090
 -7163
 -7546
 -7746
 -6867
 -5971
 -5601
 -4885
 -3492
 -1462
   610
  2430
  4088
  4505
  3810
  2969
  2209
  1636
   956
   464
   163
  -704
 -1766
 -2945
 -4513
 -6171
 -8050
 -9292
 -9381
 -8115
 -3173
  1795
  2554
   348
 -2084
 -2591
 -4036
 -5603
 -4557
 -2379
  -574
  1271
  4546
  6427
  4488
  1496
    25
   203
   -30
   237
  2570
  4901
  6269
  6512
  5791
  3780
   679
 -1239
 -1831
 -2109
 -1739
  -301
  1037
  1132
   803
   453
  -634
 -2965
 -4085
 -2610
  -640
   664
  1862
  3347
  3875
  3109
  2274
  1700
   877
  -314
  -573
   349
  1184
  1381
   797
     5
  -713
 -1407
 -2007
 -2546
 -2720
 -2344
 -1801
 -1561
 -1353
 -1537
 -2445
 -3365
 -3319
 -2526
 -2361
 -2218
 -1165
   261
  1227
  1556
  2140
  2627
  5398
 10559
 13984
 14031
 11416
  9272
  7460
  4596
  3176
  4354
  5211
  3199
    37
  -929
 -1304
 -4186
 -8191
-10174
-10181
-10465
 -9762
 -6617
 -3882
 -4350
 -5947
 -5499
 -3660
 -2278
  -600
  2398
  4846
  5484
  5522
  6320
  6786
  5070
  2620
  1174
   509
   295
   385
   527
  -707
 -3718
 -6593
 -8349
 -9166
 -9450
 -9319
 -8745
 -8214
 -7739
 -7027
 -5898
 -4618
 -3516
 -2292
    71
  2951
  6617
 11963
 14784
 13384
  9318
  6146
  5238
  3154
  1193
   741
   633
  -174
  -855
    94
  -344
 -3416
 -6324
 -6611
 -4831
 -3860
 -2960
 -1194
   716
  2312
  3819
  5380
  5386
  4318
  3799
  3695
  3823
  4185
  4491
  4070
  2959
  2220
  1794
   182
 -2512
 -4002
 -3990
 -3520
 -3230
 -2182
  -550
  -209
  -865
 -1560
 -1755
 -2294
 -3292
 -3431
 -2314
  -849
  -445
  -917
 -1505
 -2054
 -2751
 -3492
 -3729
 -3787
 -3550
  -937
  3231
  7378
  9685
  9060
  7677
  5931
  5101
  5816
  7096
  8197
  8250
  7067
  5124
  2459
  -542
 -3171
 -5181
 -6189
 -6703
 -6860
 -6885
 -7574
 -8812
 -9726
 -9446
 -7983
 -5361
 -1840
  1428
  3591
  4396
  4324
  4437
  5071
  6058
  7128
  7562
  7217
  6278
  4962
  3221
   844
 -1588
 -3633
 -5085
 -5281
 -4977
 -5337
 -6659
 -8514
 -9702
 -9818
 -8782
 -6814
 -4534
 -2518
  -770
   909
  1974
  2104
  2035
  2311
  2815
  3480
  4311
  4878
  4410
  3082
  1793
  1012
   393
   572
  3590
  6800
  6034
  2257
  -941
 -1893
 -3309
 -5010
 -4518
 -3151
 -2606
 -1779
   627
  2278
   733
 -1736
 -1957
   -68
  1219
  2030
  3223
  3768
  3554
  3568
  4071
  3181
   907
  -843
 -1601
 -1898
 -1542
  -345
    20
 -1138
 -1909
 -1134
 -1009
 -3249
 -4840
 -4426
 -3958
 -4676
 -4484
 -2787
 -2667
 -3410
 -3231
  -911
  2379
  3675
  5397
  8454
 10291
 10681
  9984
  9835
  9907
  9054
  7995
  6913
  5750
  3387
   132
 -2124
 -3174
 -4233
 -5659
 -7167
 -8112
 -8641
 -9468
 -9874
 -8983
 -7467
 -5974
 -3525
  -183
  2276
  3451
  4327
  5360
  6427
  6892
  7027
  6950
  5882
  4308
  2908
  1857
   890
  -391
 -1483
 -2665
 -4290
 -5956
 -7440
 -8562
 -9576
 -9781
 -8620
 -7224
 -6168
 -5285
 -4390
 -3440
 -2020
   172
  2726
  4841
  5685
  5746
  5490
  4858
  4086
  3612
  3571
  3384
  2632
  1818
   938
  -456
 -2194
 -3892
 -4946
 -5330
 -5135
 -4521
 -3990
 -3711
 -3296
 -2499
 -1482
   -33
  2497
  7489
 11656
 11724
  9387
  6945
  5872
  4021
  1771
  1340
   822
  -500
 -1494
 -1214
 -1668
 -4991
 -8457
 -9032
 -7160
 -5653
 -4116
 -1997
  -628
   139
   740
  1456
   767
  -827
 -1848
 -1964
  -947
  -452
   404
   346
 -1314
 -1037
   903
  2973
  3440
  4639
  7677
  9100
  8881
  8386
  9337
  9910
  8255
  6765
  6614
  5640
  2560
  -760
 -2022
 -2710
 -4531
 -6166
 -7368
 -8336
 -9549
-10195
 -8661
 -6632
 -5464
 -4358
 -2514
  -164
  1359
  2353
  3839
  5591
  7077
  7739
  8102
  8176
  7078
  5344
  4072
  3345
  2490
  1025
  -810
 -2719
 -5194
 -7762
 -9524
-10293
-10391
-10018
 -8959
 -7892
 -7226
 -6691
 -5770
 -4383
 -2921
  -851
  2028
  4409
  5369
  5713
  6015
  5665
  4624
  3829
  3301
  2555
  1613
   980
   697
  -269
 -2196
 -3881
 -4569
 -4984
 -5382
 -5178
 -4578
 -4051
 -3747
 -3204
 -2202
 -1394
 -1037
  -404
   758
  2017
  3147
  4028
  4695
  4703
  4057
  3601
  3621
  3696
  5831
  8972
  8804
  5614
  2083
   765
  -582
 -3193
 -3857
 -3168
 -3600
 -4344
 -3545
 -2216
 -4250
 -7634
 -7800
 -6400
 -5101
 -3810
 -1612
   927
  2592
  3973
  5985
  6996
  7145
  9629
 12848
 14391
 13910
 12409
 11322
  8911
  5714
  4780
  4589
  1617
 -2286
 -4117
 -5204
 -7186
 -8992
 -9162
 -9210
-10387
-10944
 -9452
 -7606
 -7059
 -6193
 -3972
 -1459
   550
  2384
  4555
  5966
  6546
  7066
  7901
  8527
  7831
  6591
  5165
  3731
  2280
   790
  -538
 -2282
 -4309
 -6188
 -7363
 -8103
 -8684
 -8828
 -8361
 -7591
 -7002
 -6313
 -5219
 -4239
 -3052
 -1060
   852
  2285
  3001
  3393
  4098
  4489
  4599
  4723
  4513
  3739
  2517
  1509
   462
  -676
 -1450
 -2029
 -2688
 -3649
 -4182
 -4314
 -4623
 -4683
 -4265
 -3281
 -2407
 -1975
 -1347
  -905
  -761
  -493
   199
   915
  1286
  1426
  1273
   840
   274
   127
    39
  -227
  -425
  -156
    -3
  -395
  -347
    18
    76
  -515
  -572
   272
  2770
  6550
  7325
  4843
  1823
   509
  -245
 -2455
 -3137
 -1571
  -734
  -350
   958
  2720
  2409
  1866
  4673
  8575
 10304
 10036
 10754
 11900
 11813
 11355
 11286
 10291
  6910
  3331
  1558
   616
 -1167
 -3425
 -5914
 -8727
-11057
-12080
-11534
-11456
-11484
-10644
 -8931
 -6581
 -4612
 -2730
 -1033
   741
  3042
  5389
  7465
  8295
  7850
  6697
  5495
  4922
  4224
  3129
  1312
  -858
 -3182
 -5702
 -7476
 -8879
 -9985
-10703
-10769
-10325
 -9782
 -8993
 -8037
 -6356
 -4072
 -1749
   186
  2003
  3746
  4724
  5278
  5975
  6686
  6841
  6508
  6013
  4889
  2936
  1223
   520
     1
  -978
 -2110
 -2928
 -3486
 -3843
 -3784
 -3652
 -3837
 -4020
 -3577
 -2440
 -1405
  -771
  -162
   712
  1323
  1342
  1506
  1841
  2048
  2050
  2071
  2446
  2283
  1078
   102
  -218
  -737
 -1292
 -1644
 -1946
 -2400
 -2950
 -3637
 -4114
 -3313
 -2322
 -2361
 -2811
 -3139
 -3270
 -3018
 -2195
 -1790
  -808
   645
  3215
  8190
 10475
  9509
  8631
 11147
 14626
 13241
 12105
 13670
 13835
 11405
  8630
  8151
  6546
  1366
 -2780
 -2474
 -1810
 -4133
 -6650
 -7576
 -7777
 -8677
 -9359
 -8484
 -7297
 -6278
 -4426
 -1498
  1028
  1745
   864
  1044
  2850
  4885
  6465
  6911
  6928
  5900
  3783
  2493
  1925
   908
 -1030
 -2582
 -3203
 -4561
 -6651
 -8676
 -9997
-10816
-11210
-10345
 -8994
 -7929
 -7221
 -6467
 -5315
 -4414
 -3158
  -983
   738
  1818
  2713
  3072
  3311
  3376
  3480
  3666
  3206
  2315
  1605
  1373
  1127
   678
   165
  -527
 -1044
 -1607
 -2058
 -2253
 -2694
 -3078
 -3321
 -2750
 -1665
 -1217
  -806
   143
  1247
  1826
  2039
  2779
  3194
  2707
  2429
  2719
  3210
  2910
  2156
  1785
  1118
  -166
  -842
  -691
  -546
  -639
 -1000
 -1003
 -1663
 -2470
 -2048
 -1654
 -2106
 -2908
 -2885
 -2879
 -4235
 -5049
 -4330
 -3292
 -2674
 -1908
    13
  2185
  3367
  4050
  7552
 11788
 11942
 10983
 11619
 14243
 16096
 14799
 13353
 11826
  8426
  4682
  2075
  1383
  1001
 -2321
 -6033
 -7096
 -7491
-10771
-12961
-12115
-10973
 -9240
 -7644
 -4563
 -2192
 -1855
  -579
  2556
  6138
  7903
  9579
 10813
  9850
  8613
  7579
  6464
  5568
  4208
  2779
  1362
 -1678
 -5263
 -7769
 -9524
-11170
-12474
-12654
-12441
-12431
-11934
-10793
 -9530
 -8398
 -6815
 -4094
 -1244
   772
  2033
  3011
  4054
  4636
  4826
  5025
  5151
  4798
  4132
  3363
  2237
   783
 -1341
 -3035
 -3554
 -3805
 -4170
 -4819
 -5113
 -4946
 -4890
 -4649
 -3704
 -2526
 -1595
  -517
  1084
  2742
  3710
  4115
  4353
  4383
  4043
  3814
  4151
  4435
  4342
  3551
  2556
  2225
  1701
   986
   658
   343
  -228
  -839
 -1052
  -949
 -1487
 -2298
 -2124
 -1509
 -1554
 -1556
 -1931
 -3540
 -4699
 -3760
 -1752
  -800
  -109
  1177
  2636
  3178
  3465
  7638
 11989
 10992
  8870
  9456
 11045
 10130
  7386
  7161
  8270
  5525
   482
 -1072
    42
 -1604
 -3146
 -2364
 -3026
 -6012
 -9551
 -8549
 -5754
 -5746
 -5510
 -3763
 -2042
 -1702
 -1501
  -800
  -401
    57
  1977
  4854
  6033
  5460
  3942
  3059
  3337
  3445
  3181
  2405
  1211
  -157
 -1436
 -2697
 -3908
 -5327
 -6691
 -6773
 -6225
 -6296
 -6987
 -7573
 -7524
 -7173
 -6443
 -5081
 -3577
 -2648
 -2227
 -1068
   287
  1023
  1800
  2661
  3516
  3449
  2829
  2782
  2584
  1773
   985
   685
   247
  -405
  -711
  -989
 -1389
 -2252
 -3272
 -3608
 -3699
 -3153
 -2054
 -1069
  -284
  -171
   -48
   510
  1129
  1710
  2037
  2274
  2774
  3128
  3086
  2957
  2607
  2019
  1623
  1316
   764
   130
  -364
  -289
   -74
    99
   241
  -460
 -1369
 -1584
 -1458
 -1728
 -1946
 -1643
 -1978
 -2567
 -3151
 -2562
 -1118
 -1021
  -134
  2078
  3887
  4959
  7719
 11275
 11942
 10652
  9965
 11220
 11637
  9369
  7872
  7803
  5509
  1464
  -678
  -748
 -2191
 -5753
 -8008
 -8257
 -9021
-10722
-10828
 -8861
 -7968
 -7004
 -2957
     9
  -288
  -898
  1210
  4921
  6094
  6551
  7928
  7809
  6061
  5202
  5044
  3519
  1106
  -182
   184
  -930
 -3889
 -6343
 -8027
 -8989
 -9493
 -9712
 -9799
 -9880
 -9772
 -8901
 -7538
 -6312
 -4914
 -3551
 -1598
   728
  2592
  4022
  4302
  4309
  4731
  5160
  5465
  5288
  4909
  4637
  4145
  2874
  1276
   -32
 -1546
 -2647
 -2944
 -3204
 -3525
 -3853
 -3626
 -2871
 -2245
 -1404
  -144
  1103
  1938
  2519
  3217
  3932
  4461
  4737
  4892
  5039
  4635
  3621
  2728
  2148
  1445
   504
  -313
 -1184
 -2165
 -2770
 -2940
 -2596
 -2328
 -2361
 -2061
 -1947
 -2091
 -2153
 -2258
 -2575
 -2828
 -2726
 -3050
 -3585
 -3451
 -3488
 -3919
 -3733
 -2824
 -1432
  -123
  1105
  2722
  5515
  9141
 10266
  9735
  9696
  9945
 10519
  9624
  8736
  8810
  7148
  3820
  1262
   288
  -983
 -3378
 -5209
 -6021
 -7192
 -8942
 -9416
 -7883
 -6709
 -6560
 -5948
 -4466
 -3258
 -2900
 -1688
   497
  2607
  4198
  5721
  9051
 11218
  9545
  7600
  7047
  7416
  6516
  4512
  3696
  2037
 -1377
 -3568
 -3743
 -5501
 -8910
-10802
-10353
 -9966
-11105
-11351
-10529
 -9618
 -8113
 -5650
 -3044
 -1347
   225
  2352
  4656
  5629
  5794
  6419
  6980
  7189
  6758
  5781
  4429
  2872
  1554
   832
   288
  -874
 -2269
 -3071
 -3524
 -4142
 -4923
 -5114
 -4236
 -3480
 -3014
 -2406
 -1909
 -1447
  -746
   732
  2303
  3049
  3125
  3222
  3576
  3522
  3120
  2979
  2908
  2694
  2488
  2172
  1532
   674
   -15
  -221
  -332
 -1135
 -2134
 -2578
 -2514
 -2326
 -2209
 -2721
 -3217
 -3795
 -4480
 -5696
 -6195
 -4944
 -5488
 -5862
 -4805
 -2544
   569
  1649
  2643
  5372
  8862
 10911
 11509
 12152
 11976
 11040
  9944
  9744
 10317
  9003
  5150
  1557
  -689
 -2348
 -3899
 -4858
 -5822
 -7708
 -9684
-10636
-10019
 -9166
 -8799
 -8120
 -6481
 -4289
 -2321
  -286
  1824
  3723
  5230
  6306
  7302
  7794
  7703
  7387
  7238
  7076
  6430
  5150
  3312
   991
  -677
  -626
 -1767
 -4621
 -6616
 -6849
 -6115
 -6554
 -6747
 -5741
 -5675
 -6112
 -5160
 -3466
 -2934
 -2789
 -1502
   844
  2148
  2069
  2275
  2620
  2981
  3252
  3467
  3285
  2421
  1174
   156
  -312
 -1139
 -2036
 -2393
 -2161
 -1814
 -2318
 -3065
 -3202
 -2860
 -2447
 -1836
 -1168
  -964
  -728
   -87
   784
  1343
  1398
  1516
  1718
  1864
  1885
  1555
  1198
   809
   705
   679
    24
  -810
 -1260
 -1227
 -1248
 -1566
 -1529
 -1058
 -1094
 -1477
 -1481
 -1334
 -1294
 -1228
  -869
  -314
  -586
 -1309
 -1656
 -1593
 -1276
 -1227
  -452
   350
   817
  2088
  3642
  5121
  7188
  9217
 10507
 10420
  8453
  7545
  8187
  8698
  8228
  6559
  4112
  1226
 -1406
 -2697
 -2728
 -3481
 -5403
 -7520
 -8637
 -8778
 -8816
 -8183
 -7085
 -6260
 -5528
 -4391
 -3056
 -1711
  -365
  1192
  3272
  5114
  6379
  6941
  6746
  6220
  5842
  5493
  4696
  3320
  1867
   431
 -1190
 -2685
 -3783
 -4895
 -6391
 -7916
 -9027
 -9430
 -9228
 -8371
 -7115
 -4152
 -1564
 -1615
 -1547
     2
  3055
  4709
  5387
  6990
  7654
  7061
  6540
  6816
  6081
  4284
  3184
  3133
  2530
    88
 -2249
 -3438
 -3913
 -4084
 -4537
 -5169
 -5927
 -6476
 -5971
 -4583
 -3421
 -2825
 -2071
  -754
   391
   901
  1142
  1593
  2161
  2695
  3215
  3162
  2360
  1632
  1562
  1704
  1285
   206
  -753
 -1361
 -1931
 -2462
 -2781
 -2931
 -3313
 -3606
 -3389
 -3112
 -3337
 -3440
 -2829
 -2234
 -2169
 -2242
 -1691
 -1116
 -1322
 -1713
  -880
   170
   693
  2107
  3385
  5062
  6965
  8383
 11520
 14285
 14080
 11560
  8849
  8986
 10586
 10533
  8887
  6746
  3816
    97
 -2383
 -2383
 -1936
 -3762
 -7055
 -9119
 -9817
-10139
-10040
 -8723
 -6731
 -6209
 -6146
 -4826
 -2871
 -1589
  -807
  1152
  3948
  5648
  5819
  5820
  5774
  4903
  3987
  4004
  4089
  2726
   196
 -1904
 -3225
 -4375
 -5238
 -5926
 -6928
 -8514
 -9886
-10039
 -9452
 -8841
 -8328
 -7254
 -5751
 -4468
 -3122
 -1345
   624
  2055
  3222
  4519
  6954
  9167
  8481
  6800
  5882
  6305
  6890
  6227
  5572
  4037
  1323
     2
   801
  1227
   145
 -1144
 -1751
 -1798
 -2192
 -2305
 -1976
 -1758
 -1080
  -410
  -214
  -279
  -495
  -485
   -38
   133
   145
   214
    51
   -21
  -181
  -350
  -481
  -772
  -988
  -775
  -586
  -988
 -1415
 -1117
  -637
  -765
  -999
 -1017
 -1063
 -1182
 -1341
 -1654
 -2380
 -3039
 -3283
 -3415
 -3729
 -4186
 -4427
 -4315
 -3569
 -2648
 -2035
 -1135
  1286
  3950
  6857
 10624
 12235
 10760
  7979
  7904
 11288
 13566
 12880
 11107
  8436
  4400
  1041
   622
  1872
   934
 -2770
 -6165
 -7788
 -8435
 -8727
 -8443
 -7300
 -6821
 -7100
 -6001
 -3703
 -2045
 -1462
  -239
  2208
  4149
  4682
  4624
  4527
  4052
  3572
  3760
  4206
  3504
  1437
  -713
 -2128
 -3104
 -3895
 -4444
 -5437
 -7133
 -8746
 -9194
 -8487
 -7654
 -6985
 -6302
 -5657
 -4902
 -3741
 -2246
  -835
   -35
   585
  1559
  2614
  3351
  3446
  3465
  3443
  3263
  3421
  3519
  2777
  1483
   460
  1148
  2920
  2709
  1567
   856
   602
   772
   789
  1564
  2198
  1636
  1171
  1845
  2406
  2044
  1881
  2238
  2660
  2073
  1044
   723
   742
   863
   676
   335
  -102
  -871
 -1363
 -1369
 -1641
 -2174
 -2368
 -2322
 -2275
 -2571
 -2697
 -2601
 -2722
 -2769
 -2401
 -1965
 -2014
 -2064
 -1958
 -1727
 -1449
 -1588
 -1808
 -1984
 -2141
 -1737
 -1289
  -715
  1104
  3138
  4810
  7440
  9799
  9508
  6728
  4702
  6365
  9224
  9320
  7534
  5885
  3583
   242
 -1507
  -543
    85
 -2255
 -5561
 -6762
 -6821
 -7346
 -7369
 -5777
 -4145
 -4144
 -3924
 -2096
  -309
   144
   859
  3210
  5670
  6469
  6312
  6417
  5923
  4486
  3691
  4168
  3805
  1593
  -814
 -2235
 -3347
 -4757
 -5629
 -6113
 -7330
 -9045
 -9684
 -8931
 -8094
 -7545
 -6661
 -5398
 -4607
 -3923
 -2560
 -1014
    69
   852
  1991
  3098
  4516
  5309
  4298
  3029
  2165
  2300
  2896
  2683
  1856
   396
 -1310
 -1835
 -1296
  -984
 -1190
 -1548
 -1952
 -2147
 -1777
  -725
   203
   652
  1909
  2610
  2334
  2288
  2799
  4153
  4717
  4911
  5205
  4768
  3985
  3490
  3486
  3319
  3017
  2520
  1878
  1320
   405
  -714
 -1214
 -1045
 -1157
 -2076
 -2847
 -2923
 -3212
 -3454
 -3415
 -3522
 -3832
 -4552
 -4352
 -3817
 -3900
 -3723
 -3246
 -3130
 -3292
 -2759
 -1577
   490
  2536
  4047
  6983
 10110
 10302
  7961
  5961
  7115
  9622
  9549
  7642
  6027
  3709
    57
 -2181
 -1355
  -490
 -2527
 -5849
 -7370
 -7815
 -8837
 -9033
 -7434
 -5777
 -5791
 -5565
 -3657
 -1708
  -894
  -308
  1770
  4456
  5717
  6025
  6512
  6459
  5361
  4715
  5180
  5176
  3663
  1811
   730
  -377
 -1852
 -2978
 -3832
 -5156
 -6806
 -7661
 -7292
 -6799
 -6577
 -6006
 -5285
 -4690
 -4130
 -3244
 -2093
 -1172
  -358
   816
  2048
  2728
  2799
  2484
  2004
  1554
  1405
  1464
  1094
   154
  -750
 -1259
 -1292
 -1009
  -899
 -1149
 -1413
 -1639
 -1611
 -1135
  -558
    35
   483
   863
  1523
  2117
  2036
  1688
  1746
  2049
  2230
  2297
  2352
  2643
  3158
  2678
  1879
  1884
  2176
  2430
  1983
  1806
  1770
  1100
   791
  1499
  2099
  1621
  1156
   996
  1008
   286
  -862
 -1217
 -1360
 -1640
 -2273
 -2818
 -3391
 -4309
 -4725
 -4095
 -3087
 -2575
 -1733
  -366
   993
  3348
  7050
  9273
  7792
  5049
  5096
  7504
  8451
  7393
  6353
  4616
   882
 -2436
 -2364
  -994
 -2234
 -5355
 -7212
 -7730
 -8619
 -9119
 -7959
 -6214
 -5856
 -5907
 -4069
 -1713
  -988
  -976
   490
  2764
  3838
  4252
  4773
  4926
  3988
  3073
  3438
  3763
  2903
  1247
   -24
 -1038
 -2074
 -2464
 -2667
 -3350
 -4529
 -5437
 -5394
 -4883
 -4444
 -4001
 -3495
 -3090
 -2597
 -1612
  -516
   132
   431
   862
  2341
  3638
  3367
  2770
  2500
  2444
  2476
  2755
  2954
  1977
    76
 -1058
  -882
  -592
  -783
  -862
  -833
 -1347
 -1862
 -1513
  -816
  -667
  -608
  -171
   416
  1013
  1162
  1082
  1235
  1362
  1331
  1121
   883
   492
   -76
  -214
   234
   737
   763
   468
   207
    44
  -127
  -110
   595
   830
   183
  -171
   146
   633
   315
  -229
  -737
 -1162
 -1208
  -971
  -768
 -1659
 -2179
 -2130
 -2137
 -1274
  -949
  -758
   224
  1673
  3340
  6032
  9443
 10289
  7797
  5016
  5706
  8799
  9852
  8745
  7400
  4938
   854
 -2130
 -1536
  -218
 -1866
 -5122
 -7030
 -7526
 -8440
 -8993
 -7973
 -6955
 -7002
 -6917
 -5007
 -3163
 -3056
 -2698
  -757
  1994
  3691
  4458
  5007
  4663
  3684
  3453
  4526
  5252
  4110
  2001
   386
  -916
 -2154
 -2639
 -2878
 -3930
 -5762
 -6825
 -6661
 -6548
 -6619
 -6242
 -5280
 -4433
 -3748
 -2595
 -1257
  -347
   375
  1660
  3152
  3945
  4005
  3809
  3857
  3998
  4086
  4265
  4118
  3239
  2152
  1595
  1446
  1206
   554
  -211
  -721
 -1032
 -1147
 -1153
 -1248
 -1398
 -1621
 -1723
 -1466
 -1227
 -1185
 -1184
  -797
  -268
    -6
   131
    36
  -230
  -583
  -615
  -259
   121
    99
  -135
    16
    -6
  -314
  -476
  -257
     7
  -150
  -396
  -601
  -893
 -1296
 -1762
 -1803
 -1603
 -1984
 -2057
 -2395
 -3094
 -3062
 -2591
 -1919
 -1369
  -576
   451
  1556
  2878
  4416
  6597
 10061
 13133
 12973
 10009
  8074
  9234
 11224
 11432
 10453
  8773
  4938
   275
 -1558
  -452
  -157
 -2641
 -5657
 -7210
 -8240
 -9494
 -9308
 -7877
 -7292
 -7523
 -6731
 -4273
 -2653
 -2550
 -1760
   618
  2807
  3639
  4261
  4905
  4680
  4033
  4346
  5165
  4670
  2760
   672
  -910
 -2386
 -3754
 -4499
 -5238
 -6686
 -8299
 -8949
 -8748
 -8644
 -8407
 -7527
 -6597
 -5940
 -5034
 -3562
 -2198
 -1256
   -95
  1317
  2485
  3190
  3531
  3691
  3667
  3765
  4104
  4140
  3611
  2521
  1587
  1306
  1446
  1346
   865
   358
   -63
  -335
  -434
  -235
    57
   133
   -71
  -141
    53
   154
    35
    48
   400
   501
   339
   184
   267
   417
   174
    38
   228
   336
   296
   364
   594
   552
    77
  -310
  -205
   -94
  -299
  -584
 -1104
 -1587
 -1987
 -2012
 -1709
 -1659
 -1998
 -2881
 -3535
 -3587
 -3686
 -3122
 -2032
 -1227
  -394
   346
  1197
  2766
  4407
  6135
 10174
 14093
 13873
 10395
  7535
  8706
 11217
 11184
 10087
  8796
  5387
   460
 -1696
  -440
    62
 -2216
 -5323
 -6998
 -8276
 -9718
 -9476
 -7670
 -6635
 -6850
 -5992
 -3660
 -2260
 -2118
 -1201
  1230
  3514
  4559
  5155
  5320
  4271
  2940
  2978
  3782
  3392
  1595
  -356
 -1833
 -3189
 -4359
 -4816
 -5195
 -6567
 -8380
 -9218
 -9143
 -8965
 -8495
 -7480
 -6503
 -6080
 -5574
 -4354
 -3028
 -1854
  -566
   773
  2084
  3087
  3538
  3702
  3885
  4185
  4476
  4440
  4017
  3216
  2413
  2137
  2136
  1903
  1212
   218
  -892
 -1689
 -1705
 -1180
  -718
  -698
  -799
  -703
  -573
  -420
  -105
   487
  1251
  1831
  2233
  2502
  2528
  2328
  2048
  1769
  1778
  1885
  1741
  1457
   955
   694
   612
   543
   671
   569
   131
  -359
  -823
 -1277
 -1495
 -1635
 -1725
 -1642
 -1779
 -1971
 -1952
 -2101
 -2025
 -1707
 -1701
 -1537
  -962
   -69
   802
  1287
  1940
  3064
  5602
  9677
 12179
 10562
  6560
  4973
  7037
  9141
  9058
  7989
  5954
  1884
 -1858
 -2339
  -814
  -991
 -3692
 -6330
 -7704
 -8859
 -9354
 -8047
 -6486
 -6312
 -6636
 -5426
 -3153
 -1908
 -1425
  -174
  1856
  3232
  3775
  4342
  4371
  3568
  3024
  3551
  4124
  3292
  1530
  -198
 -1682
 -2991
 -3566
 -3526
 -4255
 -5954
 -7402
 -7819
 -7749
 -7444
 -6579
 -5709
 -5440
 -5405
 -4683
 -3133
 -1620
  -647
   396
  1693
  2428
  2602
  2857
  3282
  3658
  3818
  4026
  4410
  4239
  3335
  2631
  2368
  2029
  1743
  1479
   774
   -47
  -610
  -715
  -602
  -625
  -748
 -1060
 -1343
 -1266
  -891
  -466
  -137
   115
   387
   558
   679
   946
  1293
  1603
  1680
  1573
  1671
  1908
  2046
  2000
  1888
  1798
  1735
  1598
  1290
   954
   278
  -398
  -772
 -1029
 -1425
 -2176
 -2821
 -3466
 -3985
 -4349
 -4465
 -4103
 -3748
 -3212
 -2431
 -1926
 -1250
  -253
   964
  2392
  3313
  6039
 10379
 12186
  9909
  6130
  5537
  7854
  9420
  9039
  7910
  5437
   420
 -3561
 -3482
 -1805
 -2077
 -4912
 -7430
 -8836
-10096
 -9948
 -8346
 -6890
 -7072
 -7514
 -6008
 -3875
 -2549
 -1591
   127
  2509
  4306
  5366
  5907
  5818
  5127
  4893
  5854
  6772
  6411
  4921
  3032
  1082
  -561
 -1214
 -1485
 -2631
 -4588
 -6164
 -6680
 -6615
 -6264
 -5771
 -5511
 -5747
 -5774
 -4769
 -3176
 -1818
  -926
   157
  1333
  1903
  2084
  2593
  3532
  4072
  4053
  4096
  4177
  3902
  3121
  2545
  2426
  2032
  1273
   325
  -513
 -1246
 -1819
 -1942
 -1815
 -1766
 -2171
 -2904
 -3375
 -3279
 -2912
 -2672
 -2331
 -1715
 -1272
 -1023
  -471
   354
   810
   754
   983
  1633
  2152
  2249
  2113
  1917
  1673
  1776
  2056
  2224
  1957
  1101
   308
  -166
  -535
  -734
 -1254
 -1989
 -2277
 -2755
 -3130
 -3005
 -3240
 -3653
 -3911
 -3985
 -3294
 -2377
 -1638
  -401
   952
  1909
  2901
  3639
  4713
  7963
 11621
 12563
 10276
  7256
  7008
  8690
  9484
  8913
  7473
  4321
  -108
 -2892
 -2815
 -2022
 -3140
 -5469
 -7071
 -8384
 -9723
 -9604
 -7962
 -6735
 -7025
 -7108
 -5557
 -3925
 -3100
 -1844
   661
  2863
  3663
  4408
  5507
  5610
  4836
  4984
  6067
  6287
  5197
  3876
  2788
  1453
    28
  -554
  -755
 -1923
 -3602
 -4696
 -4973
 -5060
 -5405
 -5305
 -5088
 -5448
 -5621
 -4842
 -3432
 -2349
 -1609
  -658
   277
  1093
  1918
  2752
  3500
  3945
  3951
  3980
  4119
  3946
  3714
  3156
  2193
  1333
   650
   -43
  -764
 -1446
 -2202
 -2762
 -3231
 -3704
 -3942
 -3999
 -3957
 -3716
 -3240
 -2813
 -2341
 -1770
  -980
    38
  1011
  1859
  2327
  2328
  2204
  2273
  2382
  2360
  2218
  1976
  1511
   971
   659
   381
   -71
  -440
  -754
 -1343
 -1845
 -2047
 -2156
 -2405
 -2537
 -2455
 -2872
 -3439
 -3556
 -3624
 -3490
 -3119
 -2135
  -636
   113
   279
  1244
  2581
  3371
  3947
  5918
 10151
 13234
 12164
  8789
  7424
  8818
 10205
 10109
  9187
  7403
  3623
  -446
 -1561
  -394
  -376
 -2640
 -5346
 -7282
 -9111
-10250
 -9207
 -7346
 -6710
 -7235
 -7022
 -5664
 -4529
 -3438
 -1679
   482
  1853
  2508
  3322
  4182
  4492
  4526
  5218
  6243
  6363
  5363
  4055
  2787
  1599
   915
   681
  -190
 -2047
 -3906
 -5044
 -5743
 -6298
 -6238
 -5805
 -5719
 -5843
 -5499
 -4591
 -3678
 -2806
 -1838
  -684
   403
  1234
  1928
  2674
  3182
  3169
  3293
  3610
  3597
  3073
  2426
  1795
  1140
   547
    71
  -408
 -1123
 -1978
 -2653
 -2971
 -3105
 -3100
 -3151
 -3346
 -3384
 -3103
 -2469
 -1660
  -935
  -570
  -494
  -232
   302
   761
  1011
  1556
  2335
  2793
  2817
  2558
  2227
  1756
  1495
  1593
  1704
  1485
   951
   331
  -394
 -1048
 -1510
 -1851
 -2061
 -2360
 -2665
 -2791
 -2647
 -2235
 -2387
 -2651
 -2728
 -2518
 -1990
 -1330
  -234
   493
   989
  2080
  3788
  5472
  6600
  8970
 11968
 12004
  9084
  6793
  7950
  9986
  9553
  7663
  5868
  3423
   -44
 -1860
  -807
  -396
 -2504
 -5351
 -6846
 -7640
 -8831
 -8827
 -7420
 -6722
 -7621
 -8105
 -6682
 -5103
 -4285
 -2974
  -896
   675
  1090
  1626
  2639
  3339
  3694
  4467
  5509
  5602
  4517
  3213
  2374
  1574
  1017
   947
   285
 -1513
 -3594
 -4706
 -5001
 -5284
 -5291
 -5036
 -5183
 -5737
 -5671
 -4565
 -3072
 -1867
  -969
   -10
   749
  1178
  1951
  3143
  3888
  3945
  3961
  4183
  4119
  3549
  2865
  2231
  1467
   746
   228
  -316
 -1101
 -1753
 -2056
 -2172
 -2199
 -2317
 -2561
 -2932
 -3018
 -2604
 -1763
  -826
  -122
   416
   702
   933
  1270
  1792
  2284
  2568
  2677
  2506
  2005
  1296
   814
   432
  -215
  -807
 -1036
 -1093
 -1322
 -1711
 -1963
 -2096
 -2108
 -2186
 -2351
 -2222
 -1876
 -1299
  -956
  -765
  -448
  -397
  -452
  -552
  -606
  -398
  -187
   297
   976
  1328
  1493
  2378
  3668
  4250
  6521
  9407
  8781
  6455
  5142
  6673
  8595
  7771
  6713
  5425
  2820
   -81
  -881
   -76
  -295
 -2275
 -4728
 -5810
 -6802
 -7472
 -6538
 -5211
 -5059
 -5992
 -5848
 -4570
 -3717
 -3033
 -1654
    10
   774
   753
  1323
  2217
  2479
  2493
  3013
  3573
  2907
  1644
   827
   249
  -421
  -996
 -1169
 -1823
 -3153
 -4111
 -4215
 -3806
 -3500
 -3299
 -3217
 -3172
 -2894
 -1868
  -224
   837
  1407
  1806
  2099
  2315
  2300
  2462
  2626
  2429
  1933
  1488
  1116
   551
   -41
  -421
  -582
  -637
  -588
  -597
  -704
  -869
  -774
  -187
   382
   544
   285
   174
   532
  1175
  1767
  1997
  1937
  1762
  1599
  1405
  1329
  1238
   704
   -36
  -567
  -655
  -701
 -1073
 -1612
 -2125
 -2441
 -2598
 -2328
 -1955
 -1965
 -2087
 -2013
 -1754
 -1446
 -1375
 -1405
 -1325
 -1201
  -843
  -677
  -542
  -396
  -629
 -1003
 -1388
 -1574
 -1402
 -1267
 -1102
  -722
  -353
   213
  1030
  1920
  2759
  3504
  5002
  6807
  6783
  5194
  4382
  5545
  7110
  7109
  6090
  4963
  3192
  1087
   269
   860
   954
  -463
 -2365
 -3527
 -4172
 -4565
 -3994
 -2990
 -2884
 -3593
 -3736
 -2779
 -1763
 -1082
  -290
   514
   707
   257
   375
  1122
  1386
  1260
  1351
  1474
   823
  -352
  -944
  -977
 -1107
 -1363
 -1467
 -1655
 -2201
 -2645
 -2452
 -1847
 -1514
 -1416
 -1074
  -736
  -875
 -1081
  -693
    26
   319
   183
   217
   496
   616
   594
   665
   493
   -96
  -666
  -758
  -480
  -459
  -583
  -496
  -514
  -436
  -171
   161
   483
   631
   680
   634
   597
   527
   416
   473
   581
   562
   498
   399
   204
  -192
  -449
  -495
  -451
  -313
  -296
  -279
  -356
  -498
  -370
   -47
   280
   258
   -51
  -268
  -340
  -468
  -600
  -588
  -514
  -711
 -1167
 -1295
 -1293
 -1316
 -1430
 -1594
 -1571
 -1682
 -1513
 -1189
 -1193
 -1370
 -1544
 -1546
 -1388
 -1141
  -613
   163
   758
  1338
  2410
  3482
  4486
  6140
  7086
  6455
  5353
  5320
  6564
  7107
  6076
  4873
  3894
  2323
   927
  1031
  1585
   918
  -764
 -2107
 -2830
 -3394
 -3376
 -2719
 -2479
 -3242
 -3994
 -3519
 -2527
 -2084
 -1666
  -908
  -406
  -398
  -113
   667
  1191
  1095
  1178
  1639
  1563
   988
   447
   161
  -217
  -863
 -1236
 -1377
 -1824
 -2516
 -2899
 -2767
 -2607
 -2700
 -2659
 -2509
 -2508
 -2544
 -2278
 -1676
 -1233
 -1153
  -963
  -450
   -53
   218
   554
   791
   742
   518
   445
   679
   920
   940
   861
   608
   402
   308
   155
   -69
  -318
  -394
  -440
  -453
  -366
  -252
   -78
   164
   443
   534
   560
   818
  1201
  1521
  1730
  2053
  2285
  2062
  1865
  1792
  1746
  1621
  1272
  1000
   618
   208
   -52
  -309
  -495
  -773
 -1043
 -1302
 -1556
 -1847
 -2196
 -2067
 -1823
 -1777
 -1735
 -1736
 -1720
 -1774
 -1769
 -1624
 -1320
 -1036
  -982
  -820
  -715
  -689
  -501
  -322
   117
   713
  1165
  1442
  2127
  3136
  4434
  6131
  6578
  5633
  4666
  4727
  5777
  5989
  4973
  3786
  2503
   834
  -335
   -54
   300
  -525
 -2060
 -3167
 -3613
 -3873
 -3592
 -2676
 -2129
 -2396
 -2636
 -1932
  -789
  -105
   429
  1057
  1462
  1383
  1303
  1505
  1332
   960
   904
  1045
   685
  -389
 -1396
 -1895
 -2031
 -2197
 -2325
 -2552
 -3197
 -3867
 -4054
 -3645
 -3180
 -2947
 -2608
 -2299
 -2109
 -1659
  -843
    65
   536
   476
   465
   714
   847
   900
   977
   661
    79
  -275
  -324
  -424
  -741
  -882
  -965
 -1092
 -1118
  -928
  -720
  -652
  -324
   187
   685
  1032
  1240
  1443
  1580
  1866
  2324
  2688
  2875
  2892
  2914
  2810
  2573
  2532
  2485
  2286
  1851
  1427
  1307
  1121
   621
  -115
  -601
  -714
 -1022
 -1308
 -1405
 -1488
 -1640
 -1933
 -2053
 -1948
 -1920
 -1982
 -2042
 -2131
 -2117
 -1744
 -1357
 -1380
 -1368
 -1206
  -925
  -554
  -349
  -390
  -443
  -227
   163
   277
   177
    62
   304
   490
   730
  1961
  3284
  4530
  4811
  3601
  2631
  2553
  3518
  4384
  3988
  2879
  1561
   355
  -349
    34
   725
   522
  -423
 -1670
 -2339
 -2312
 -1854
  -959
  -548
  -924
 -1537
 -1644
 -1062
  -470
    34
   434
   594
   532
   391
   606
   846
   559
   133
  -131
  -547
 -1346
 -2077
 -2453
 -2565
 -2534
 -2442
 -2418
 -2729
 -3032
 -3044
 -2734
 -2344
 -1995
 -1586
 -1416
 -1205
  -737
   -63
   403
   827
  1495
  1324
   578
   230
   498
   993
   954
   601
   188
  -553
 -1171
 -1064
  -585
  -484
  -644
  -825
  -982
  -806
  -318
   391
  1040
  1260
  1223
  1357
  1806
  2244
  2465
  2575
  2581
  2485
  2305
  2218
  2247
  2104
  1922
  1684
  1290
   741
   339
   280
   121
    -5
  -136
  -467
  -920
 -1323
 -1406
 -1444
 -1542
 -1645
 -1887
 -2103
 -2100
 -1816
 -1410
 -1137
 -1148
 -1145
 -1149
 -1195
  -948
  -678
  -374
  -143
  -150
   -15
   123
   386
   702
   557
   214
   126
   479
   740
   551
   184
  -203
  -553
  -769
  -631
   426
  2421
  3402
  1949
    91
   256
  2261
  3772
  3836
  3513
  2615
   799
  -355
   592
  2224
  2488
  1619
   730
    58
  -598
  -452
   666
  1160
   239
 -1076
 -1542
 -1328
 -1170
  -819
  -387
  -546
 -1183
 -1588
 -1486
 -1379
 -1496
 -1404
 -1087
 -1185
 -1690
 -2015
 -1942
 -1855
 -1804
 -1482
 -1204
 -1429
 -1913
 -1972
 -1534
 -1047
  -584
  -146
    -6
  -370
  -607
  -107
   638
   987
   941
   701
   443
   353
   389
   482
   422
    54
  -273
  -338
  -233
   -23
   196
   291
   211
    49
    20
   173
   479
   820
  1082
  1149
  1010
  1031
  1226
  1343
  1474
  1729
  1887
  1707
  1377
  1223
  1172
  1060
   977
   835
   559
   229
  -119
  -486
  -729
  -884
 -1254
 -1655
 -1845
 -1896
 -1912
 -2035
 -2118
 -1997
 -1862
 -1803
 -1575
 -1212
  -902
  -562
  -296
    95
   521
   788
  1035
  1055
  1023
   945
   788
   715
   636
   306
  -114
  -249
  -477
  -838
 -1180
 -1375
 -1519
 -1573
 -1404
 -1281
 -1429
 -1401
 -1218
  -774
  -429
   684
  4066
  5637
  3934
  2180
  2796
  5371
  6477
  6232
  6286
  5328
  2669
   833
  1550
  2420
  1823
   406
  -997
 -2197
 -3357
 -3084
 -1657
 -1498
 -2595
 -3519
 -3305
 -2624
 -2163
 -1205
  -332
  -341
  -788
  -767
  -264
    25
   116
   432
   685
   180
  -643
 -1042
 -1329
 -1739
 -1926
 -1691
 -1656
 -2203
 -2722
 -2652
 -2179
 -2015
 -1979
 -1762
 -1739
 -1886
 -1782
  -959
   -67
   137
   196
   318
   226
    93
   332
   766
   815
   521
   242
    99
    69
   169
   325
   478
   520
   494
   525
   509
   505
   541
   404
   246
   286
   348
   314
   244
   288
   439
   462
   386
   391
   322
   117
   160
   460
   667
   593
   553
   720
   881
  1120
  1528
  1913
  1938
  1823
  1814
  1782
  1777
  1737
  1587
  1157
   477
   107
    64
    58
   -89
  -390
  -882
 -1475
 -1848
 -1887
 -1823
 -1895
 -1815
 -1673
 -1568
 -1529
 -1422
 -1149
  -933
 -1056
 -1239
  -712
  -125
    36
    37
    90
   158
   106
   172
   402
   747
   607
   207
  -134
   -15
  1774
  3129
  2547
  1318
   648
  1269
  1894
  2098
  2588
  2482
  1031
  -357
  -358
   120
   225
   273
   136
  -343
 -1116
 -1296
  -497
  -154
  -502
  -855
  -901
  -839
  -785
  -327
    77
   -30
  -393
  -467
  -144
   -73
  -244
  -179
    67
    39
  -384
  -774
 -1110
 -1460
 -1567
 -1435
 -1250
 -1348
 -1553
 -1540
 -1340
 -1215
  -978
  -477
  -301
  -430
  -462
  -102
   491
  1022
  1402
  1366
   967
   594
   486
   501
   350
    39
  -359
  -814
 -1129
 -1262
 -1363
 -1509
 -1587
 -1526
 -1539
 -1569
 -1358
  -902
  -417
  -146
    -3
   233
   603
  1051
  1546
  1921
  2087
  2220
  2414
  2525
  2446
  2274
  2195
  2225
  2046
  1672
  1320
   940
   475
   160
   111
   -10
  -349
  -550
  -561
  -660
  -708
  -633
  -521
  -647
  -794
  -588
  -423
  -340
  -309
  -290
  -210
  -111
   -77
  -150
    47
   120
   -59
   -36
    -8
  -113
  -308
  -237
  -173
  -319
  -363
  -240
  -107
  -179
  -148
  -121
  -215
  -361
  -384
  -241
  -157
   -76
   -59
   -52
    21
   595
  1603
  1893
  1303
   821
  1090
  1656
  1906
  2090
  2316
  1918
  1055
   566
   692
   870
   745
   546
   147
  -422
  -728
  -415
     6
  -150
  -565
  -890
 -1073
 -1226
 -1302
 -1146
 -1106
 -1199
 -1124
  -873
  -653
  -672
  -707
  -543
  -391
  -354
  -296
  -383
  -549
  -584
  -569
  -470
  -485
  -725
 -1025
 -1178
 -1189
 -1089
 -1000
 -1147
 -1391
 -1542
 -1471
 -1182
 -1029
 -1108
 -1126
 -1107
 -1132
 -1027
  -787
  -533
  -465
  -475
  -271
    10
   196
   222
   320
   465
   457
   582
   854
  1122
  1230
  1238
  1275
  1227
  1123
  1098
  1283
  1526
  1687
  1650
  1388
  1284
  1295
  1249
  1245
  1261
  1230
   853
   445
   392
   306
   145
   -13
   -37
   -54
  -270
  -535
  -676
  -723
  -650
  -192
   138
    62
   -45
  -217
  -243
    12
   326
   464
   374
   319
   232
    20
  -293
  -433
  -449
  -735
 -1039
 -1359
 -1453
 -1296
 -1335
 -1545
 -1703
 -1599
 -1471
 -1234
  -882
  -527
  -108
   171
   515
   912
  1210
  1678
  2125
  2373
  2498
  2593
  2906
  2994
  2775
  2599
  2415
  2096
  1511
  1013
   590
   169
  -268
  -697
  -780
  -999
